0 7 Pedestrian 545.146393 143.123321 559.813059 190.469783 1.709764 0.597256 0.524796 -1.905936 0.357788 25.902194 1.519108
0 8 Pedestrian 568.546716 145.927759 581.213382 191.540706 1.590542 0.464626 0.67082 -1.082702 0.383012 25.062125 1.403141
1 0 Pedestrian 483.025775 139.409317 565.657064 335.429252 1.744482 0.520582 0.834498 -0.760014 1.380837 6.742082 0.616589
1 1 Pedestrian 402.714353 149.142989 501.84839 360.016771 1.625074 0.630655 0.721248 -1.241767 1.385526 5.881756 0.432771
1 5 Pedestrian 486.099565 145.438419 504.53034 200.900243 1.677151 0.446023 0.749989 -3.370469 0.615536 21.812061 1.167654
1 8 Pedestrian 567.254739 145.302454 580.167373 191.128475 1.590542 0.464626 0.67082 -1.104452 0.366838 24.940899 1.369999
2 0 Pedestrian 500.01823 139.66318 573.351562 338.078276 1.744482 0.520582 0.834498 -0.644533 1.387421 6.6678 0.625631
2 1 Pedestrian 419.250122 148.30007 508.916788 361.508474 1.625074 0.630655 0.721248 -1.120876 1.381648 5.825253 0.449083
2 5 Pedestrian 486.577639 145.606103 506.577639 201.497437 1.677151 0.446023 0.749989 -3.304206 0.628733 21.647857 1.164883
2 8 Pedestrian 567.398873 145.231662 580.06554 191.331787 1.590542 0.464626 0.67082 -1.082814 0.37167 24.7954 1.374295
3 0 Pedestrian 511.139404 139.923579 586.873024 340.791878 1.744482 0.520582 0.834498 -0.529052 1.394005 6.593519 0.634673
3 1 Pedestrian 434.218985 147.43899 523.662903 363.02955 1.625074 0.630655 0.721248 -0.999985 1.377769 5.768751 0.465396
4 0 Pedestrian 522.211484 140.190757 599.544817 343.572427 1.744482 0.520582 0.834498 -0.413571 1.400589 6.519237 0.643715
4 1 Pedestrian 449.553045 146.559191 538.219712 364.580858 1.625074 0.630655 0.721248 -0.879095 1.373891 5.712248 0.481708
5 0 Pedestrian 529.527944 140.464968 608.146151 346.422413 1.744482 0.520582 0.834498 -0.29809 1.407173 6.444956 0.652758
5 1 Pedestrian 456.569359 150.40526 555.979858 369.0 1.625074 0.630655 0.721248 -0.78121 1.404404 5.668137 0.49802
6 0 Pedestrian 537.754763 141.08688 616.75476 348.259383 1.744482 0.520582 0.834498 -0.179398 1.414385 6.410016 0.654021
6 1 Pedestrian 463.686013 154.321714 573.352676 369.0 1.625074 0.630655 0.721248 -0.683325 1.434917 5.624027 0.514333
7 0 Pedestrian 559.189196 141.716196 627.129236 350.118153 1.744482 0.520582 0.834498 -0.060706 1.421597 6.375077 0.655283
7 1 Pedestrian 486.238634 152.520034 578.237594 369.0 1.625074 0.630655 0.721248 -0.558675 1.424501 5.553661 0.55812
8 0 Pedestrian 580.754615 142.353049 637.08795 351.999113 1.744482 0.520582 0.834498 0.057985 1.428809 6.340138 0.656546
8 1 Pedestrian 508.872361 150.668143 581.872365 369.0 1.625074 0.630655 0.721248 -0.434025 1.414084 5.483296 0.601907
8 2 Pedestrian 219.810714 142.663178 278.477382 310.026969 1.716861 0.489181 0.93272 -3.855456 1.333094 7.641946 0.359485
8 5 Pedestrian 495.665184 145.884234 515.331851 204.299698 1.677151 0.446023 0.749989 -2.914877 0.681939 20.730451 1.172517
9 0 Pedestrian 588.896281 142.997574 663.263002 353.902661 1.744482 0.520582 0.834498 0.176677 1.436022 6.305198 0.657809
9 1 Pedestrian 519.560391 148.764703 612.174268 369.0 1.625074 0.630655 0.721248 -0.309375 1.403667 5.412931 0.645694
9 2 Pedestrian 227.642287 142.106384 294.219278 311.095524 1.716861 0.489181 0.93272 -3.702795 1.331195 7.571244 0.35676
9 5 Pedestrian 497.083189 145.670534 515.741399 204.461716 1.677151 0.446023 0.749989 -2.852739 0.682147 20.600155 1.181876
9 6 Pedestrian 520.777415 136.930196 537.388468 193.940517 1.952553 0.628458 0.744739 -2.64372 0.457587 24.681436 1.518515
10 2 Pedestrian 235.581824 141.538677 309.581827 312.184976 1.716861 0.489181 0.93272 -3.550133 1.329296 7.500541 0.354035
10 5 Pedestrian 498.410106 145.45137 516.076772 204.630909 1.677151 0.446023 0.749989 -2.78953 0.68241 20.467189 1.191235
10 6 Pedestrian 520.275947 137.002838 536.275947 194.290899 1.952553 0.628458 0.744739 -2.658053 0.467171 24.558769 1.486812
11 5 Pedestrian 500.689208 145.23495 519.513 204.791917 1.677151 0.446023 0.749989 -2.728463 0.682564 20.339565 1.200594
11 6 Pedestrian 519.199538 137.076856 535.512067 194.644719 1.952553 0.628458 0.744739 -2.672387 0.476754 24.436102 1.455109
11 7 Pedestrian 543.107801 142.833014 560.244206 193.659639 1.709764 0.597256 0.524796 -1.832921 0.440226 24.133007 1.416321
12 5 Pedestrian 502.938802 145.230219 522.938802 205.425695 1.677151 0.446023 0.749989 -2.65341 0.692999 20.128723 1.195018
12 6 Pedestrian 518.301833 136.624939 534.9685 194.656657 1.952553 0.628458 0.744739 -2.665033 0.473327 24.244222 1.459271
12 7 Pedestrian 543.163021 142.882502 559.496354 194.069409 1.709764 0.597256 0.524796 -1.817807 0.450819 23.96526 1.415782
12 8 Pedestrian 571.071916 144.826323 587.738583 193.677127 1.590542 0.464626 0.67082 -0.848999 0.427045 23.418157 1.36659
12 9 Cyclist 473.229668 139.848186 504.846058 188.524609 1.841708 0.508194 1.607527 -4.531617 0.297627 27.646434 1.893025
13 5 Pedestrian 504.382928 145.225407 523.562579 206.073187 1.677151 0.446023 0.749989 -2.578358 0.703433 19.917882 1.189442
13 8 Pedestrian 572.576958 144.944662 588.039149 194.13096 1.590542 0.464626 0.67082 -0.827228 0.438838 23.262964 1.378562
13 9 Cyclist 472.011124 139.694829 501.511881 188.772502 1.841708 0.508194 1.607527 -4.586006 0.304705 27.436119 1.816085
14 5 Pedestrian 505.873542 145.22051 523.873541 206.734845 1.677151 0.446023 0.749989 -2.503305 0.713868 19.707041 1.183867
14 8 Pedestrian 574.250051 145.064721 588.583384 194.590859 1.590542 0.464626 0.67082 -0.805457 0.45063 23.10777 1.390534
14 9 Cyclist 468.385847 139.548113 499.422004 189.060242 1.841708 0.508194 1.607527 -4.656031 0.31266 27.198351 1.850227
15 2 Pedestrian 299.6259 141.903936 363.951437 319.653361 1.716861 0.489181 0.93272 -2.819246 1.348395 7.221078 0.367957
15 8 Pedestrian 573.899974 145.186536 587.531303 195.056943 1.590542 0.464626 0.67082 -0.783686 0.462423 22.952577 1.402507
15 9 Cyclist 464.718136 139.400125 497.276837 189.352271 1.841708 0.508194 1.607527 -4.726056 0.320616 26.960582 1.884369
16 2 Pedestrian 316.087756 142.99071 374.42109 321.719821 1.716861 0.489181 0.93272 -2.682794 1.360793 7.1874 0.379006
16 8 Pedestrian 573.622199 145.310143 586.622199 195.529337 1.590542 0.464626 0.67082 -0.761915 0.474216 22.797384 1.414479
16 9 Cyclist 460.347712 139.716406 494.629153 190.138931 1.841708 0.508194 1.607527 -4.814153 0.346435 26.707307 1.924003
17 2 Pedestrian 319.674005 142.036597 400.088114 322.1355 1.716861 0.489181 0.93272 -2.534137 1.354386 7.13877 0.387755
17 8 Pedestrian 574.262273 145.507664 589.166359 196.040061 1.590542 0.464626 0.67082 -0.7305 0.487298 22.655153 1.387184
17 9 Cyclist 455.926423 140.040798 491.902654 190.938957 1.841708 0.508194 1.607527 -4.902249 0.372254 26.454031 1.963637
18 2 Pedestrian 323.410682 141.06794 425.744016 322.556957 1.716861 0.489181 0.93272 -2.38548 1.347979 7.09014 0.396503
18 5 Pedestrian 512.047801 145.48449 533.714467 208.986116 1.677151 0.446023 0.749989 -2.23475 0.751084 19.105104 1.15865
18 8 Pedestrian 574.652881 145.707961 590.986215 196.557265 1.590542 0.464626 0.67082 -0.699085 0.500381 22.512922 1.35989
18 9 Cyclist 451.45436 140.373466 489.093668 191.752618 1.841708 0.508194 1.607527 -4.990346 0.398073 26.200755 2.003271
19 2 Pedestrian 333.36309 140.084414 429.362921 322.984318 1.716861 0.489181 0.93272 -2.236824 1.341572 7.041509 0.405252
19 5 Pedestrian 513.378258 145.623565 536.016621 209.434294 1.677151 0.446023 0.749989 -2.175524 0.759258 19.014977 1.151618
19 8 Pedestrian 575.769731 145.911072 592.042371 197.081057 1.590542 0.464626 0.67082 -0.66767 0.513463 22.37069 1.332595
19 9 Cyclist 446.931561 140.71458 486.198407 192.580197 1.841708 0.508194 1.607527 -5.078443 0.423891 25.94748 2.042905
20 2 Pedestrian 343.461755 139.085684 432.795088 323.417707 1.716861 0.489181 0.93272 -2.088167 1.335166 6.992879 0.414001
20 3 Pedestrian 280.16212 125.307824 362.495454 340.849353 1.788178 0.646526 0.762187 -2.464962 1.332447 6.323967 0.473933
20 4 Pedestrian 1014.512142 143.692837 1223.0 369.0 1.640684 0.556256 0.943278 3.07526 1.445271 4.293942 -2.248554
20 5 Pedestrian 514.538619 145.764035 537.871952 209.886818 1.677151 0.446023 0.749989 -2.116299 0.767432 18.92485 1.144585
20 8 Pedestrian 576.892233 146.117037 592.558899 197.611551 1.590542 0.464626 0.67082 -0.636255 0.526546 22.228459 1.305301
20 9 Cyclist 442.358001 141.064308 483.212967 193.426311 1.841708 0.508194 1.607527 -5.16654 0.44971 25.694204 2.082539
21 2 Pedestrian 367.439107 138.071405 446.774467 323.857258 1.716861 0.489181 0.93272 -1.93951 1.328759 6.944249 0.422749
21 3 Pedestrian 294.5891 126.251126 368.133882 343.524558 1.788178 0.646526 0.762187 -2.349514 1.343906 6.275735 0.466614
21 4 Pedestrian 987.853894 145.381185 1193.902539 369.0 1.640684 0.556256 0.943278 2.977565 1.447509 4.431026 -2.2808
21 5 Pedestrian 515.455364 145.905922 536.435171 210.34375 1.677151 0.446023 0.749989 -2.057073 0.775606 18.834722 1.137553
21 8 Pedestrian 576.930158 146.322863 594.502963 198.148861 1.590542 0.464626 0.67082 -0.60484 0.539628 22.086228 1.278006
21 9 Cyclist 435.872707 140.644654 479.037694 193.369695 1.841708 0.508194 1.607527 -5.322093 0.44389 25.507752 2.15816
22 2 Pedestrian 390.828476 138.540001 459.828474 325.89121 1.716861 0.489181 0.93272 -1.799798 1.33614 6.898083 0.449183
22 3 Pedestrian 308.426945 125.788977 372.760276 344.535814 1.788178 0.646526 0.762187 -2.246091 1.343068 6.238555 0.477004
22 4 Pedestrian 970.289848 146.956607 1134.623185 369.0 1.640684 0.556256 0.943278 2.87987 1.449746 4.568109 -2.313046
22 5 Pedestrian 516.398578 145.660598 534.731911 210.737296 1.677151 0.446023 0.749989 -1.993803 0.778114 18.65396 1.13988
22 8 Pedestrian 576.580571 146.007801 595.580571 198.18146 1.590542 0.464626 0.67082 -0.591873 0.537012 21.941584 1.27862
23 2 Pedestrian 397.224797 139.018622 476.073178 327.95311 1.716861 0.489181 0.93272 -1.660086 1.343521 6.851917 0.475616
23 3 Pedestrian 314.370389 125.320989 386.75925 345.559439 1.788178 0.646526 0.762187 -2.142668 1.34223 6.201375 0.487394
23 4 Pedestrian 958.757444 148.429896 1091.7475 369.0 1.640684 0.556256 0.943278 2.782174 1.451984 4.705192 -2.345292
23 5 Pedestrian 518.693864 145.410363 539.448189 211.138718 1.677151 0.446023 0.749989 -1.930533 0.780622 18.473197 1.142207
23 8 Pedestrian 577.641499 145.688483 596.536326 198.214499 1.590542 0.464626 0.67082 -0.578907 0.534396 21.79694 1.279234
24 2 Pedestrian 403.647402 139.50748 492.314069 330.043238 1.716861 0.489181 0.93272 -1.520374 1.350902 6.805751 0.50205
24 3 Pedestrian 321.355778 124.805855 401.689108 346.730807 1.788178 0.646526 0.762187 -2.030875 1.341417 6.159665 0.497784
24 4 Pedestrian 943.774224 146.142031 1053.107555 369.0 1.640684 0.556256 0.943278 2.662823 1.43056 4.865268 -2.27102
24 5 Pedestrian 521.007898 145.155068 544.007898 211.548255 1.677151 0.446023 0.749989 -1.867262 0.78313 18.292434 1.144534
24 8 Pedestrian 578.864232 145.364822 597.530899 198.247986 1.590542 0.464626 0.67082 -0.56594 0.53178 21.652297 1.279847
25 2 Pedestrian 425.164375 140.006789 500.044816 332.161874 1.716861 0.489181 0.93272 -1.380662 1.358282 6.759585 0.528483
25 3 Pedestrian 327.77989 124.367071 420.508014 347.644685 1.788178 0.646526 0.762187 -1.935822 1.340554 6.127016 0.508174
25 4 Pedestrian 902.61651 144.032194 1025.700997 369.0 1.640684 0.556256 0.943278 2.543472 1.409136 5.025344 -2.196747
25 5 Pedestrian 522.636497 144.894559 546.249664 211.966154 1.677151 0.446023 0.749989 -1.803992 0.785638 18.111671 1.146862
25 8 Pedestrian 578.355724 145.036731 597.583726 198.281932 1.590542 0.464626 0.67082 -0.552973 0.529165 21.507653 1.280461
26 2 Pedestrian 446.871327 140.516763 507.871324 334.309294 1.716861 0.489181 0.93272 -1.24095 1.365663 6.713419 0.554917
26 3 Pedestrian 335.043594 123.880917 440.043591 348.706763 1.788178 0.646526 0.762187 -1.832399 1.339716 6.089836 0.518564
26 4 Pedestrian 869.958663 148.719916 1010.625325 369.0 1.640684 0.556256 0.943278 2.440014 1.434745 5.123151 -2.27762
26 5 Pedestrian 524.089583 144.628673 548.089583 212.392676 1.677151 0.446023 0.749989 -1.740721 0.788145 17.930908 1.149189
26 8 Pedestrian 577.664653 144.704116 597.331319 198.316346 1.590542 0.464626 0.67082 -0.540006 0.526549 21.363009 1.281075
27 2 Pedestrian 453.269234 139.721926 533.7373 336.192118 1.716861 0.489181 0.93272 -1.101402 1.363445 6.632055 0.569974
27 3 Pedestrian 352.582043 123.785759 441.714159 351.702121 1.788178 0.646526 0.762187 -1.705705 1.345044 6.014441 0.523737
27 8 Pedestrian 580.495329 145.143454 598.752197 199.05904 1.590542 0.464626 0.67082 -0.486532 0.545497 21.245171 1.278898
28 2 Pedestrian 459.526566 138.905526 558.859901 338.125023 1.716861 0.489181 0.93272 -0.961854 1.361226 6.550691 0.58503
28 3 Pedestrian 370.128907 123.688073 442.462239 354.780571 1.788178 0.646526 0.762187 -1.57901 1.350371 5.939045 0.528909
28 8 Pedestrian 583.399244 145.587799 600.06591 199.810189 1.590542 0.464626 0.67082 -0.433057 0.564444 21.127332 1.276722
29 2 Pedestrian 467.697055 138.06669 567.07618 340.110013 1.716861 0.489181 0.93272 -0.822306 1.359007 6.469326 0.600087
29 3 Pedestrian 383.233227 123.587754 459.56937 357.945614 1.788178 0.646526 0.762187 -1.452316 1.355698 5.863649 0.534082
29 8 Pedestrian 584.825266 146.037239 602.068774 200.569938 1.590542 0.464626 0.67082 -0.379583 0.583392 21.009493 1.274546
30 2 Pedestrian 475.905311 137.204497 574.238643 342.149203 1.716861 0.489181 0.93272 -0.682758 1.356789 6.387962 0.615144
30 3 Pedestrian 396.180073 123.484688 475.846738 361.200947 1.788178 0.646526 0.762187 -1.325621 1.361026 5.788254 0.539255
30 8 Pedestrian 586.043931 146.491859 603.710597 201.338436 1.590542 0.464626 0.67082 -0.326108 0.60234 20.891655 1.272369
31 2 Pedestrian 502.630539 136.317974 584.564541 344.244823 1.716861 0.489181 0.93272 -0.543209 1.35457 6.306598 0.630201
31 3 Pedestrian 406.139996 123.378757 483.528705 364.550485 1.788178 0.646526 0.762187 -1.198927 1.366353 5.712858 0.544427
31 8 Pedestrian 587.132481 146.951751 605.88104 202.115835 1.590542 0.464626 0.67082 -0.272633 0.621288 20.773816 1.270193
32 2 Pedestrian 527.524582 136.788892 591.857915 347.616953 1.716861 0.489181 0.93272 -0.424221 1.363259 6.231328 0.652599
32 3 Pedestrian 415.667751 123.576894 490.001082 368.06495 1.788178 0.646526 0.762187 -1.079213 1.373543 5.64182 0.545077
32 4 Pedestrian 749.690461 150.430261 851.690458 366.30204 1.640684 0.556256 0.943278 1.556306 1.413623 5.886348 -2.438322
33 2 Pedestrian 536.081045 137.275008 615.078983 351.077374 1.716861 0.489181 0.93272 -0.305232 1.371949 6.156058 0.674997
33 3 Pedestrian 432.419133 123.78057 508.776264 369.0 1.788178 0.646526 0.762187 -0.9595 1.380734 5.570782 0.545726
33 4 Pedestrian 724.46715 149.216013 825.01538 360.998751 1.640684 0.556256 0.943278 1.395223 1.399198 6.003142 -2.356929
34 2 Pedestrian 544.576672 137.776922 637.576675 354.629346 1.716861 0.489181 0.93272 -0.186243 1.380639 6.080788 0.697395
34 3 Pedestrian 449.075257 123.99002 526.741923 369.0 1.788178 0.646526 0.762187 -0.839787 1.387925 5.499743 0.546375
34 4 Pedestrian 701.439355 148.066556 802.772687 355.781707 1.640684 0.556256 0.943278 1.23414 1.384772 6.119937 -2.275535
35 2 Pedestrian 557.333715 138.295262 649.535618 358.276291 1.716861 0.489181 0.93272 -0.067255 1.389328 6.005518 0.719794
35 3 Pedestrian 455.621745 124.205492 552.835825 369.0 1.788178 0.646526 0.762187 -0.720073 1.395115 5.428705 0.547024
35 4 Pedestrian 686.329049 153.604179 789.477406 359.828443 1.640684 0.556256 0.943278 1.094174 1.426942 6.159851 -2.277991
35 5 Pedestrian 542.202183 145.073115 566.930527 218.618087 1.677151 0.446023 0.749989 -1.154861 0.867574 16.547967 1.249462
35 6 Pedestrian 525.786608 134.191658 545.172576 203.265487 1.952553 0.628458 0.744739 -1.997562 0.640785 20.429071 1.448479
36 2 Pedestrian 569.8385 138.830688 660.171837 362.021808 1.716861 0.489181 0.93272 0.051734 1.398018 5.930248 0.742192
36 3 Pedestrian 462.102482 124.427249 578.102481 369.0 1.788178 0.646526 0.762187 -0.60036 1.402306 5.357666 0.547673
36 4 Pedestrian 665.927266 153.320744 772.260599 353.951656 1.640684 0.556256 0.943278 0.921045 1.421076 6.259279 -2.597668
36 5 Pedestrian 544.711975 144.816849 570.378641 219.206463 1.677151 0.446023 0.749989 -1.101461 0.870931 16.364096 1.257901
37 2 Pedestrian 587.629859 138.307512 681.98758 364.933201 1.716861 0.489181 0.93272 0.174025 1.398906 5.848137 0.743944
37 3 Pedestrian 476.645334 124.896858 587.38326 369.0 1.788178 0.646526 0.762187 -0.474755 1.410675 5.294019 0.572143
37 4 Pedestrian 642.639632 153.285906 739.532807 347.026564 1.640684 0.556256 0.943278 0.747917 1.41521 6.358708 -2.917344
38 2 Pedestrian 605.451004 137.76797 702.117669 367.935521 1.716861 0.489181 0.93272 0.296317 1.399794 5.766026 0.745697
38 3 Pedestrian 491.394975 125.38307 595.728306 369.0 1.788178 0.646526 0.762187 -0.349149 1.419045 5.230371 0.596613
38 8 Pedestrian 594.598944 145.778562 613.265611 203.685603 1.590542 0.464626 0.67082 -0.011947 0.634907 19.808458 1.306487
39 2 Pedestrian 612.559326 137.211283 715.6832 369.0 1.716861 0.489181 0.93272 0.418608 1.400682 5.683915 0.747449
39 3 Pedestrian 510.214885 125.886518 608.772363 369.0 1.788178 0.646526 0.762187 -0.223544 1.427415 5.166723 0.621083
39 8 Pedestrian 596.081593 145.660054 613.700497 204.015136 1.590542 0.464626 0.67082 0.034119 0.639072 19.661145 1.32412
40 2 Pedestrian 619.188135 136.636621 726.854805 369.0 1.716861 0.489181 0.93272 0.540899 1.40157 5.601804 0.749201
40 3 Pedestrian 529.10529 126.407864 620.771953 369.0 1.788178 0.646526 0.762187 -0.097939 1.435784 5.103075 0.645552
40 6 Pedestrian 525.410009 133.289963 549.076676 205.209678 1.952553 0.628458 0.744739 -1.881108 0.667528 19.6272 1.384719
41 2 Pedestrian 643.155915 136.043097 738.768703 369.0 1.716861 0.489181 0.93272 0.66319 1.402457 5.519693 0.750954
41 3 Pedestrian 542.771498 126.947797 649.992012 369.0 1.788178 0.646526 0.762187 0.027666 1.444154 5.039427 0.670022
41 6 Pedestrian 524.797604 134.05239 548.8769 206.537218 1.952553 0.628458 0.744739 -1.859657 0.697989 19.476659 1.371238
42 2 Pedestrian 663.844088 136.527308 745.177422 369.0 1.716861 0.489181 0.93272 0.757078 1.412937 5.406976 0.760013
42 3 Pedestrian 552.823264 125.726408 674.489932 369.0 1.788178 0.646526 0.762187 0.129802 1.442563 4.958751 0.693439
42 6 Pedestrian 524.877281 133.9379 548.877281 207.015759 1.952553 0.628458 0.744739 -1.826258 0.705047 19.321359 1.367795
43 2 Pedestrian 676.714733 137.034987 770.746853 369.0 1.716861 0.489181 0.93272 0.850965 1.423416 5.294259 0.769072
43 3 Pedestrian 568.407182 124.462126 677.117594 369.0 1.788178 0.646526 0.762187 0.231938 1.440971 4.878075 0.716856
43 6 Pedestrian 526.138824 133.821552 548.783601 207.502262 1.952553 0.628458 0.744739 -1.792859 0.712105 19.16606 1.364352
44 2 Pedestrian 689.130018 137.567842 793.796683 369.0 1.716861 0.489181 0.93272 0.944852 1.433895 5.181541 0.778131
44 3 Pedestrian 584.099881 123.152715 677.766544 369.0 1.788178 0.646526 0.762187 0.334074 1.43938 4.797399 0.740273
44 4 Pedestrian 500.332035 154.05678 604.998705 340.184918 1.640684 0.556256 0.943278 -0.503191 1.412922 6.582538 -2.96893
44 5 Pedestrian 562.324124 145.335395 593.324124 227.199803 1.677151 0.446023 0.749989 -0.602611 0.955295 14.912679 1.206273
45 2 Pedestrian 702.955362 138.12775 811.391131 369.0 1.716861 0.489181 0.93272 1.038739 1.444375 5.068824 0.78719
45 3 Pedestrian 606.887546 121.795783 706.266158 369.0 1.788178 0.646526 0.762187 0.43621 1.437789 4.716722 0.76369
45 4 Pedestrian 491.258446 153.070667 573.206087 338.483735 1.640684 0.556256 0.943278 -0.687525 1.403235 6.611 -2.958394
45 5 Pedestrian 565.291074 144.865445 595.067711 227.643295 1.677151 0.446023 0.749989 -0.545296 0.953755 14.75324 1.20106
45 8 Pedestrian 604.51673 145.894591 625.633979 207.340398 1.590542 0.464626 0.67082 0.2392 0.692793 18.687831 1.289256
46 2 Pedestrian 716.385245 138.716779 825.718576 369.0 1.716861 0.489181 0.93272 1.132627 1.454854 4.956107 0.796249
46 3 Pedestrian 629.750261 120.388763 733.083594 369.0 1.788178 0.646526 0.762187 0.538346 1.436197 4.636046 0.787107
46 4 Pedestrian 482.075534 152.09235 540.408866 336.79465 1.640684 0.556256 0.943278 -0.871858 1.393548 6.639463 -2.947858
46 5 Pedestrian 568.484315 144.384911 596.484315 228.096748 1.677151 0.446023 0.749989 -0.487982 0.952214 14.5938 1.195847
46 6 Pedestrian 529.113502 133.443164 548.780169 209.011577 1.952553 0.628458 0.744739 -1.692661 0.733279 18.700161 1.354024
47 2 Pedestrian 737.691879 136.855032 839.223838 369.0 1.716861 0.489181 0.93272 1.238525 1.449257 4.857064 0.796228
47 3 Pedestrian 637.962877 119.709542 753.75672 369.0 1.788178 0.646526 0.762187 0.639738 1.441064 4.532795 0.799448
47 4 Pedestrian 453.196489 151.121759 532.728902 335.117544 1.640684 0.556256 0.943278 -1.056192 1.38386 6.667926 -2.937323
47 5 Pedestrian 571.279878 144.124975 598.989862 228.871445 1.677151 0.446023 0.749989 -0.421489 0.955906 14.420835 1.196151
47 6 Pedestrian 530.169385 133.272043 551.435173 209.475405 1.952553 0.628458 0.744739 -1.665328 0.739036 18.548255 1.352558
48 2 Pedestrian 758.592206 134.90651 849.258875 369.0 1.716861 0.489181 0.93272 1.344423 1.44366 4.758022 0.796207
48 3 Pedestrian 645.85098 118.995564 771.517649 369.0 1.788178 0.646526 0.762187 0.741131 1.44593 4.429543 0.811789
48 4 Pedestrian 424.486523 150.158825 524.819853 333.452298 1.640684 0.556256 0.943278 -1.240525 1.374173 6.696389 -2.926787
48 5 Pedestrian 573.9184 143.85853 600.9184 229.665527 1.677151 0.446023 0.749989 -0.354995 0.959598 14.247869 1.196456
48 6 Pedestrian 531.028184 133.098022 553.694851 209.94709 1.952553 0.628458 0.744739 -1.637994 0.744792 18.396348 1.351093
48 10 Cyclist 487.690897 143.709244 523.089679 186.903624 1.743163 0.57422 1.441754 -4.128281 0.252591 29.294973 2.225304
49 2 Pedestrian 763.943489 132.865001 873.445712 369.0 1.716861 0.489181 0.93272 1.450321 1.438063 4.658979 0.796186
49 3 Pedestrian 673.681523 118.244042 796.067402 369.0 1.788178 0.646526 0.762187 0.842523 1.450796 4.326291 0.82413
49 4 Pedestrian 414.760917 149.203482 495.189782 331.798797 1.640684 0.556256 0.943278 -1.424859 1.364486 6.724851 -2.916251
49 5 Pedestrian 582.3708 143.585328 605.4126 230.479732 1.677151 0.446023 0.749989 -0.288502 0.96329 14.074903 1.19676
49 6 Pedestrian 529.513042 132.921029 551.295541 210.426834 1.952553 0.628458 0.744739 -1.610661 0.750549 18.244442 1.349627
49 10 Cyclist 484.815694 143.690364 520.475273 187.069453 1.743163 0.57422 1.441754 -4.224206 0.258231 29.171133 2.227678
50 2 Pedestrian 768.681919 130.723688 894.348591 369.0 1.716861 0.489181 0.93272 1.556219 1.432465 4.559936 0.796165
50 3 Pedestrian 701.750125 117.451886 817.416795 369.0 1.788178 0.646526 0.762187 0.943916 1.455662 4.223039 0.836471
50 4 Pedestrian 405.04705 148.255662 465.047046 330.156928 1.640684 0.556256 0.943278 -1.609192 1.354799 6.753314 -2.905715
50 5 Pedestrian 590.823369 143.30511 609.490036 231.314835 1.677151 0.446023 0.749989 -0.222009 0.966982 13.901938 1.197065
50 6 Pedestrian 528.14597 132.740985 548.812637 210.914844 1.952553 0.628458 0.744739 -1.583327 0.756306 18.092535 1.348162
50 10 Cyclist 481.916053 143.671324 517.838499 187.236696 1.743163 0.57422 1.441754 -4.320131 0.263871 29.047293 2.230052
51 2 Pedestrian 807.669575 128.475067 919.453169 369.0 1.716861 0.489181 0.93272 1.662118 1.426868 4.460893 0.796145
51 3 Pedestrian 714.455504 116.615653 831.523777 369.0 1.788178 0.646526 0.762187 1.045308 1.460528 4.119788 0.848812
51 4 Pedestrian 374.806397 148.555821 458.988158 329.142739 1.640684 0.556256 0.943278 -1.794244 1.355397 6.800207 -2.904485
51 5 Pedestrian 587.095927 143.017602 614.244414 232.17165 1.677151 0.446023 0.749989 -0.155515 0.970674 13.728972 1.197369
51 6 Pedestrian 530.279608 132.557811 552.386725 211.411337 1.952553 0.628458 0.744739 -1.555994 0.762062 17.940629 1.346696
51 10 Cyclist 478.991661 143.652121 515.17907 187.405369 1.743163 0.57422 1.441754 -4.416056 0.269511 28.923453 2.232427
52 2 Pedestrian 845.913274 129.782993 939.913269 369.0 1.716861 0.489181 0.93272 1.765158 1.441051 4.365124 0.796124
52 3 Pedestrian 724.948513 114.449206 839.948517 369.0 1.788178 0.646526 0.762187 1.137577 1.458053 4.028006 0.843538
52 4 Pedestrian 344.765187 148.851673 453.098519 328.143084 1.640684 0.556256 0.943278 -1.979296 1.355996 6.847099 -2.903255
52 5 Pedestrian 583.283983 143.103444 618.617316 233.333775 1.677151 0.446023 0.749989 -0.091067 0.980683 13.570279 1.197372
52 6 Pedestrian 531.947234 132.439831 555.280567 212.044754 1.952553 0.628458 0.744739 -1.540527 0.770339 17.773339 1.35561
52 7 Pedestrian 562.392064 143.738551 586.392065 213.219831 1.709764 0.597256 0.524796 -0.747635 0.802846 17.732315 1.352157
52 8 Pedestrian 615.917672 147.120656 640.584338 212.158414 1.590542 0.464626 0.67082 0.565999 0.772507 17.681116 1.312153
52 10 Cyclist 476.042198 143.632754 512.496694 187.575491 1.743163 0.57422 1.441754 -4.511982 0.275151 28.799612 2.234801
53 2 Pedestrian 864.635725 131.157526 977.449849 369.0 1.716861 0.489181 0.93272 1.868198 1.455233 4.269354 0.796103
53 3 Pedestrian 740.620052 112.16723 929.111539 369.0 1.788178 0.646526 0.762187 1.229847 1.455577 3.936225 0.838264
53 4 Pedestrian 337.500352 149.143309 427.676799 327.157652 1.640684 0.556256 0.943278 -2.164348 1.356594 6.893991 -2.902025
53 5 Pedestrian 586.252782 143.191385 620.69175 234.524304 1.677151 0.446023 0.749989 -0.026619 0.990692 13.411585 1.197375
53 6 Pedestrian 531.196678 132.31966 555.549329 212.690276 1.952553 0.628458 0.744739 -1.525059 0.778616 17.606049 1.364524
53 7 Pedestrian 563.29391 143.440915 587.295152 213.569052 1.709764 0.597256 0.524796 -0.719402 0.803835 17.570723 1.345046
53 8 Pedestrian 617.480234 147.122948 640.586048 212.511594 1.590542 0.464626 0.67082 0.602668 0.776936 17.588113 1.310212
53 10 Cyclist 473.067342 143.613221 509.791071 187.747082 1.743163 0.57422 1.441754 -4.607907 0.280791 28.675772 2.237175
54 2 Pedestrian 882.29139 132.603884 1010.95806 369.0 1.716861 0.489181 0.93272 1.971238 1.469415 4.173584 0.796082
54 3 Pedestrian 760.571331 109.760242 954.038464 369.0 1.788178 0.646526 0.762187 1.322116 1.453102 3.844444 0.832989
54 4 Pedestrian 330.455618 149.430819 402.455616 326.186144 1.640684 0.556256 0.943278 -2.3494 1.357192 6.940884 -2.900795
54 5 Pedestrian 589.128825 143.281504 622.128825 235.74429 1.677151 0.446023 0.749989 0.037829 1.000701 13.252892 1.197378
54 6 Pedestrian 532.210093 132.33679 557.543426 213.448246 1.952553 0.628458 0.744739 -1.465876 0.78973 17.447986 1.373438
54 7 Pedestrian 564.004671 143.137807 587.671338 213.924903 1.709764 0.597256 0.524796 -0.69117 0.804824 17.40913 1.337934
54 8 Pedestrian 619.148005 147.125266 640.481339 212.86862 1.590542 0.464626 0.67082 0.639338 0.781365 17.49511 1.308271
54 10 Cyclist 470.246561 144.059563 507.342741 188.355175 1.743163 0.57422 1.441754 -4.697004 0.303834 28.566273 2.248778
55 2 Pedestrian 873.113865 134.127849 1078.639085 369.0 1.716861 0.489181 0.93272 2.074278 1.483597 4.077815 0.796061
55 3 Pedestrian 781.51402 107.217686 980.167473 369.0 1.788178 0.646526 0.762187 1.414385 1.450627 3.752663 0.827715
55 4 Pedestrian 311.339509 149.714289 384.168652 325.228264 1.640684 0.556256 0.943278 -2.534451 1.357791 6.987776 -2.899565
55 5 Pedestrian 593.560042 143.373882 627.154895 236.99484 1.677151 0.446023 0.749989 0.102277 1.01071 13.094199 1.197382
55 6 Pedestrian 534.22838 132.343743 558.60222 214.220147 1.952553 0.628458 0.744739 -1.406692 0.800844 17.289923 1.382353
55 7 Pedestrian 565.113887 142.829074 589.113008 214.287574 1.709764 0.597256 0.524796 -0.662938 0.805812 17.247538 1.330822
55 8 Pedestrian 621.773115 147.127611 643.198491 213.229555 1.590542 0.464626 0.67082 0.676008 0.785793 17.402107 1.30633
55 10 Cyclist 467.407888 144.509454 504.872085 188.975581 1.743163 0.57422 1.441754 -4.786102 0.326878 28.456773 2.26038
56 2 Pedestrian 896.938994 135.73584 1109.513892 369.0 1.716861 0.489181 0.93272 2.177319 1.497779 3.982045 0.79604
56 3 Pedestrian 803.523724 104.527787 1007.587852 369.0 1.788178 0.646526 0.762187 1.506654 1.448151 3.660882 0.822441
56 4 Pedestrian 293.512915 149.225898 367.179581 323.645799 1.640684 0.556256 0.943278 -2.705398 1.351432 7.027165 -2.90491
56 5 Pedestrian 598.143593 143.468605 631.81026 238.277118 1.677151 0.446023 0.749989 0.166726 1.020719 12.935505 1.197385
56 6 Pedestrian 536.380658 132.350911 559.713991 215.006366 1.952553 0.628458 0.744739 -1.347509 0.811957 17.13186 1.391267
56 7 Pedestrian 566.017778 142.514557 590.017778 214.657265 1.709764 0.597256 0.524796 -0.634705 0.806801 17.085945 1.32371
57 2 Pedestrian 920.076635 133.80656 1141.135364 369.0 1.716861 0.489181 0.93272 2.261612 1.495861 3.867572 0.796002
57 3 Pedestrian 825.354365 104.783313 1038.736044 369.0 1.788178 0.646526 0.762187 1.590749 1.460683 3.552809 0.859265
57 4 Pedestrian 279.982959 148.74363 349.350678 322.082731 1.640684 0.556256 0.943278 -2.876345 1.345074 7.066553 -2.910256
57 5 Pedestrian 602.025102 143.650326 636.158646 239.561713 1.677151 0.446023 0.749989 0.227146 1.031452 12.791923 1.19329
57 6 Pedestrian 538.438131 132.246477 562.17565 215.639142 1.952553 0.628458 0.744739 -1.307354 0.819623 16.984407 1.395606
57 7 Pedestrian 568.075443 142.584599 592.953575 215.443316 1.709764 0.597256 0.524796 -0.599125 0.817186 16.921068 1.310607
58 2 Pedestrian 944.569194 131.741165 1174.773576 369.0 1.716861 0.489181 0.93272 2.345905 1.493943 3.753098 0.795963
58 3 Pedestrian 848.435647 105.074255 1072.080631 369.0 1.788178 0.646526 0.762187 1.674844 1.473214 3.444737 0.896088
58 4 Pedestrian 266.757604 148.267374 331.757601 320.53871 1.640684 0.556256 0.943278 -3.047292 1.338716 7.105941 -2.915601
58 5 Pedestrian 605.852894 143.836347 639.852895 240.876511 1.677151 0.446023 0.749989 0.287567 1.042186 12.64834 1.189194
58 6 Pedestrian 540.324754 132.140178 564.324754 216.283178 1.952553 0.628458 0.744739 -1.267199 0.827289 16.836955 1.399946
58 7 Pedestrian 570.043833 142.642638 595.377165 216.245267 1.709764 0.597256 0.524796 -0.563545 0.827571 16.756191 1.297504
59 2 Pedestrian 970.539274 129.524721 1210.627819 369.0 1.716861 0.489181 0.93272 2.430198 1.492025 3.638624 0.795925
59 3 Pedestrian 872.868656 105.404365 1107.873801 369.0 1.788178 0.646526 0.762187 1.758939 1.485746 3.336665 0.932912
59 6 Pedestrian 540.898481 132.031962 565.806924 216.938779 1.952553 0.628458 0.744739 -1.227044 0.834955 16.689502 1.404286
59 7 Pedestrian 570.098347 142.701974 598.150839 217.063602 1.709764 0.597256 0.524796 -0.527964 0.837956 16.591314 1.284401
60 2 Pedestrian 998.124728 127.813588 1223.0 369.0 1.716861 0.489181 0.93272 2.514492 1.490107 3.52415 0.795887
60 3 Pedestrian 896.961547 103.584736 1140.518944 369.0 1.788178 0.646526 0.762187 1.836571 1.488854 3.241337 0.929861
60 6 Pedestrian 541.522866 131.921778 567.189532 217.606257 1.952553 0.628458 0.744739 -1.186889 0.842621 16.542049 1.408626
60 7 Pedestrian 569.800617 142.761022 600.13395 217.909558 1.709764 0.597256 0.524796 -0.500909 0.848446 16.423791 1.271297
61 2 Pedestrian 1027.481114 127.273383 1223.0 369.0 1.716861 0.489181 0.93272 2.598785 1.488189 3.409677 0.795849
61 3 Pedestrian 922.490289 101.633827 1175.183163 369.0 1.788178 0.646526 0.762187 1.914202 1.491963 3.146008 0.926809
61 6 Pedestrian 541.017912 131.809571 569.434096 218.285938 1.952553 0.628458 0.744739 -1.146735 0.850287 16.394596 1.412965
61 7 Pedestrian 571.518037 142.824706 600.776833 218.751454 1.709764 0.597256 0.524796 -0.456803 0.858726 16.261561 1.258194
62 3 Pedestrian 949.5871 99.536896 1212.059834 369.0 1.788178 0.646526 0.762187 1.991833 1.495071 3.05068 0.923757
62 6 Pedestrian 539.329709 131.479199 570.329709 218.865139 1.952553 0.628458 0.744739 -1.127907 0.854354 16.228012 1.414286
62 7 Pedestrian 573.6164 142.752947 601.283067 219.279962 1.709764 0.597256 0.524796 -0.40976 0.863802 16.137992 1.251583
63 3 Pedestrian 978.400961 97.276907 1223.0 369.0 1.788178 0.646526 0.762187 2.069464 1.498179 2.955352 0.920706
63 6 Pedestrian 541.404118 131.141814 571.385248 219.456645 1.952553 0.628458 0.744739 -1.109079 0.858421 16.061428 1.415606
63 7 Pedestrian 574.46198 142.680071 602.957185 219.816847 1.709764 0.597256 0.524796 -0.362717 0.868878 16.014423 1.244972
64 3 Pedestrian 1009.100316 97.01912 1223.0 369.0 1.788178 0.646526 0.762187 2.147096 1.501288 2.860024 0.917654
64 5 Pedestrian 627.186653 143.593959 665.519985 248.537635 1.677151 0.446023 0.749989 0.673585 1.086031 11.727605 1.193356
64 6 Pedestrian 543.698426 130.797191 572.365092 220.06085 1.952553 0.628458 0.744739 -1.090251 0.862489 15.894844 1.416927
64 7 Pedestrian 575.391311 142.606051 604.39131 220.362309 1.709764 0.597256 0.524796 -0.315674 0.873955 15.890854 1.238361
65 3 Pedestrian 1041.876408 98.164783 1223.0 369.0 1.788178 0.646526 0.762187 2.224727 1.504396 2.764695 0.914602
65 5 Pedestrian 631.134282 143.301931 671.261538 249.781046 1.677151 0.446023 0.749989 0.741838 1.089913 11.564276 1.198839
65 6 Pedestrian 545.920951 130.617091 572.757152 220.810333 1.952553 0.628458 0.744739 -1.027279 0.869814 15.735189 1.418247
65 7 Pedestrian 577.469143 142.530861 606.638324 220.916554 1.709764 0.597256 0.524796 -0.268631 0.879031 15.767285 1.23175
66 3 Pedestrian 1076.947242 99.290803 1223.0 369.0 1.788178 0.646526 0.762187 2.302358 1.507504 2.669367 0.91155
66 5 Pedestrian 634.939253 143.001263 676.272588 251.061286 1.677151 0.446023 0.749989 0.81009 1.093795 11.400947 1.204322
66 6 Pedestrian 548.313721 130.433211 572.980387 221.575562 1.952553 0.628458 0.744739 -0.964307 0.87714 15.575534 1.419568
66 7 Pedestrian 579.623891 142.454472 608.62389 221.479795 1.709764 0.597256 0.524796 -0.221588 0.884107 15.643716 1.225139
67 5 Pedestrian 639.886005 143.515269 680.909903 253.146023 1.677151 0.446023 0.749989 0.876894 1.109983 11.24345 1.207029
67 6 Pedestrian 547.029019 130.21986 572.430293 222.287351 1.952553 0.628458 0.744739 -0.937985 0.883261 15.422345 1.411043
67 7 Pedestrian 581.696555 142.424574 613.284151 222.130115 1.709764 0.597256 0.524796 -0.167739 0.89046 15.511317 1.234597
68 5 Pedestrian 644.680637 144.044464 684.680638 255.292253 1.677151 0.446023 0.749989 0.943697 1.126171 11.085953 1.209737
68 6 Pedestrian 545.596051 130.002315 571.262717 223.013921 1.952553 0.628458 0.744739 -0.911663 0.889383 15.269157 1.402518
68 7 Pedestrian 583.620374 142.394216 617.620374 222.791622 1.709764 0.597256 0.524796 -0.11389 0.896814 15.378918 1.244056
69 5 Pedestrian 651.56249 144.589531 691.922898 257.502738 1.677151 0.446023 0.749989 1.010501 1.142359 10.928456 1.212444
69 6 Pedestrian 546.253208 129.780449 572.996054 223.755737 1.952553 0.628458 0.744739 -0.885341 0.895504 15.115969 1.393993
69 7 Pedestrian 586.395398 142.363386 619.333714 223.464607 1.709764 0.597256 0.524796 -0.060041 0.903167 15.246519 1.253514
70 5 Pedestrian 658.346481 145.151194 698.346482 259.780404 1.677151 0.446023 0.749989 1.077305 1.158548 10.770959 1.215152
70 6 Pedestrian 547.110995 129.554129 574.444328 224.513282 1.952553 0.628458 0.744739 -0.859018 0.901626 14.962781 1.385468
70 7 Pedestrian 589.286292 142.332072 620.952959 224.149368 1.709764 0.597256 0.524796 -0.006192 0.909521 15.11412 1.262973
71 5 Pedestrian 660.511949 145.730221 706.888045 262.128362 1.677151 0.446023 0.749989 1.144109 1.174736 10.613463 1.217859
71 6 Pedestrian 549.488646 129.309919 578.579487 225.287059 1.952553 0.628458 0.744739 -0.832696 0.907747 14.809592 1.376943
71 7 Pedestrian 592.184675 142.300261 623.618137 224.846217 1.709764 0.597256 0.524796 0.047657 0.915874 14.981721 1.272431
72 5 Pedestrian 662.682821 145.308414 714.68282 263.87522 1.677151 0.446023 0.749989 1.215356 1.178005 10.428119 1.204793
72 6 Pedestrian 550.89331 129.979171 581.226643 226.96056 1.952553 0.628458 0.744739 -0.826777 0.932044 14.662478 1.368621
72 7 Pedestrian 594.576231 142.113253 625.57623 225.560616 1.709764 0.597256 0.524796 0.093172 0.920594 14.82356 1.272207
73 5 Pedestrian 670.433588 144.870807 718.936865 265.687719 1.677151 0.446023 0.749989 1.286603 1.181275 10.242776 1.191727
73 6 Pedestrian 549.486695 130.66268 581.912892 228.66935 1.952553 0.628458 0.744739 -0.820857 0.956341 14.515364 1.360298
73 7 Pedestrian 597.456671 141.922113 627.813136 226.290788 1.709764 0.597256 0.524796 0.138687 0.925314 14.6654 1.271984
74 5 Pedestrian 678.23875 144.416492 721.572082 267.569624 1.677151 0.446023 0.749989 1.357851 1.184545 10.057433 1.178661
74 6 Pedestrian 548.21894 131.360901 582.218939 230.41455 1.952553 0.628458 0.744739 -0.814937 0.980638 14.36825 1.351976
74 7 Pedestrian 600.336458 141.726703 629.669791 227.037261 1.709764 0.597256 0.524796 0.184201 0.930033 14.50724 1.27176
75 5 Pedestrian 682.959147 143.944494 732.822803 269.524997 1.677151 0.446023 0.749989 1.429098 1.187814 9.87209 1.165595
75 6 Pedestrian 551.525334 129.935776 583.69049 229.955878 1.952553 0.628458 0.744739 -0.744225 0.96222 14.235549 1.343654
75 7 Pedestrian 600.133244 141.526879 629.31711 227.800586 1.709764 0.597256 0.524796 0.229716 0.934753 14.349079 1.271536
75 8 Pedestrian 662.065143 147.709424 690.047349 226.039763 1.590542 0.464626 0.67082 1.478538 0.92315 14.745691 1.310032
76 5 Pedestrian 687.805737 143.453757 742.805739 271.558221 1.677151 0.446023 0.749989 1.500345 1.191084 9.686747 1.152529
76 6 Pedestrian 554.945779 128.482674 584.612445 229.488052 1.952553 0.628458 0.744739 -0.673513 0.943802 14.102847 1.335331
76 7 Pedestrian 604.009755 143.429179 632.676421 229.970969 1.709764 0.597256 0.524796 0.348922 0.97494 14.298389 1.330522
76 8 Pedestrian 664.103409 147.815447 693.770076 226.870175 1.590542 0.464626 0.67082 1.53217 0.93141 14.614252 1.311326
77 5 Pedestrian 692.164938 142.826055 741.351658 272.892339 1.677151 0.446023 0.749989 1.568375 1.190295 9.546972 1.155855
77 6 Pedestrian 556.71973 128.499488 586.612073 230.697986 1.952553 0.628458 0.744739 -0.640395 0.955881 13.94391 1.332206
77 7 Pedestrian 605.683712 143.233313 635.196665 230.88152 1.709764 0.597256 0.524796 0.388009 0.980393 14.12168 1.333718
77 8 Pedestrian 667.032857 147.984682 698.183604 227.781773 1.590542 0.464626 0.67082 1.580255 0.940821 14.481501 1.297584
78 5 Pedestrian 696.620228 142.178833 738.953561 274.267888 1.677151 0.446023 0.749989 1.636404 1.189506 9.407196 1.159181
78 6 Pedestrian 558.304522 128.516719 587.971188 231.936826 1.952553 0.628458 0.744739 -0.607277 0.967961 13.784972 1.329081
78 7 Pedestrian 607.320593 143.03239 637.320593 231.815577 1.709764 0.597256 0.524796 0.427096 0.985845 13.944971 1.336913
78 8 Pedestrian 670.099835 148.157141 702.099834 228.710656 1.590542 0.464626 0.67082 1.628339 0.950233 14.348751 1.283842
79 5 Pedestrian 706.195192 141.511166 753.613605 275.686829 1.677151 0.446023 0.749989 1.704434 1.188716 9.267421 1.162506
79 6 Pedestrian 559.437893 128.534381 589.50074 233.205623 1.952553 0.628458 0.744739 -0.574159 0.98004 13.626034 1.325956
79 7 Pedestrian 611.060803 142.82621 645.088425 232.774063 1.709764 0.597256 0.524796 0.466183 0.991297 13.768263 1.340108
79 8 Pedestrian 672.124361 148.332909 705.29075 229.657313 1.590542 0.464626 0.67082 1.676423 0.959644 14.216001 1.2701
80 5 Pedestrian 715.585004 143.905623 767.251671 280.471843 1.677151 0.446023 0.749989 1.764883 1.226644 9.112576 1.161682
80 6 Pedestrian 560.624057 128.552491 590.624056 234.505473 1.952553 0.628458 0.744739 -0.541041 0.99212 13.467096 1.322831
80 7 Pedestrian 614.864798 142.614565 652.531463 233.757948 1.709764 0.597256 0.524796 0.50527 0.99675 13.591554 1.343304
80 8 Pedestrian 673.033372 148.513928 706.700039 230.67289 1.590542 0.464626 0.67082 1.70114 0.969519 14.075965 1.256359
81 5 Pedestrian 720.929007 146.387132 777.380574 285.430634 1.677151 0.446023 0.749989 1.825333 1.264573 8.95773 1.160859
81 6 Pedestrian 561.343876 128.571064 593.080077 235.837532 1.952553 0.628458 0.744739 -0.507923 1.004199 13.308159 1.319706
81 7 Pedestrian 616.022187 142.397235 655.607886 234.768255 1.709764 0.597256 0.524796 0.544357 1.002202 13.414845 1.346499
81 8 Pedestrian 676.750608 148.691852 708.416711 231.709393 1.590542 0.464626 0.67082 1.725856 0.979394 13.935928 1.242617
82 5 Pedestrian 726.63943 144.950438 786.63943 286.59298 1.677151 0.446023 0.749989 1.889402 1.25513 8.80136 1.159821
82 6 Pedestrian 561.570407 128.476275 594.570406 237.001888 1.952553 0.628458 0.744739 -0.481511 1.013491 13.159971 1.314123
82 7 Pedestrian 617.514604 142.501892 658.514606 235.949208 1.709764 0.597256 0.524796 0.588197 1.012333 13.264102 1.351426
82 8 Pedestrian 681.380399 148.520737 710.3804 232.33966 1.590542 0.464626 0.67082 1.771943 0.982005 13.80711 1.23626
83 5 Pedestrian 735.757977 143.458987 793.354395 287.799574 1.677151 0.446023 0.749989 1.953472 1.245688 8.64499 1.158784
83 6 Pedestrian 561.060125 128.37928 597.167681 238.19383 1.952553 0.628458 0.744739 -0.455099 1.022783 13.011784 1.308539
83 7 Pedestrian 620.817167 142.609038 659.879069 237.157728 1.709764 0.597256 0.524796 0.632037 1.022464 13.113359 1.356352
83 8 Pedestrian 681.762512 148.346317 714.323841 232.982142 1.590542 0.464626 0.67082 1.818029 0.984616 13.678293 1.229903
84 5 Pedestrian 744.726544 144.451553 798.393209 291.450352 1.677151 0.446023 0.749989 2.014562 1.264796 8.496396 1.157747
84 6 Pedestrian 560.288652 128.280001 598.955318 239.41435 1.952553 0.628458 0.744739 -0.428687 1.032075 12.863597 1.302956
84 7 Pedestrian 624.272304 142.718761 660.93897 238.394791 1.709764 0.597256 0.524796 0.675878 1.032595 12.962616 1.361279
84 8 Pedestrian 682.141291 148.168493 717.807958 233.637197 1.590542 0.464626 0.67082 1.864115 0.987227 13.549475 1.223546
85 5 Pedestrian 750.170084 145.481423 810.678249 295.238169 1.677151 0.446023 0.749989 2.075651 1.283904 8.347802 1.15671
85 6 Pedestrian 561.522449 128.178354 601.346995 240.664486 1.952553 0.628458 0.744739 -0.402275 1.041366 12.71541 1.297373
85 7 Pedestrian 627.850711 142.831156 667.06234 239.66142 1.709764 0.597256 0.524796 0.719718 1.042726 12.811873 1.366205
85 8 Pedestrian 687.318672 147.987164 721.099609 234.305198 1.590542 0.464626 0.67082 1.910202 0.989837 13.420657 1.217189
86 5 Pedestrian 755.410607 146.55074 821.410605 299.17089 1.677151 0.446023 0.749989 2.136741 1.303013 8.199208 1.155673
86 6 Pedestrian 566.402833 128.087101 606.736166 241.773568 1.952553 0.628458 0.744739 -0.306064 1.049419 12.586914 1.291789
86 7 Pedestrian 631.630206 142.946321 672.963538 240.958687 1.709764 0.597256 0.524796 0.763558 1.052857 12.66113 1.371132
86 8 Pedestrian 692.324375 147.802228 723.657709 234.986531 1.590542 0.464626 0.67082 1.956288 0.992448 13.291839 1.210832
87 5 Pedestrian 768.346306 146.821293 827.139544 302.807508 1.677151 0.446023 0.749989 2.201755 1.313975 8.031525 1.155198
87 6 Pedestrian 571.154997 128.033504 610.595392 243.402996 1.952553 0.628458 0.744739 -0.255955 1.061627 12.408768 1.296532
87 7 Pedestrian 630.937059 143.017098 673.728217 242.30504 1.709764 0.597256 0.524796 0.777485 1.0625 12.502578 1.37034
87 8 Pedestrian 693.932495 147.857977 729.461177 235.998299 1.590542 0.464626 0.67082 1.995835 0.999917 13.151699 1.212889
88 5 Pedestrian 781.424051 147.104067 831.090717 306.60817 1.677151 0.446023 0.749989 2.266768 1.324938 7.863841 1.154723
88 6 Pedestrian 575.976295 127.978332 613.976296 245.081331 1.952553 0.628458 0.744739 -0.205847 1.073836 12.230621 1.301274
88 7 Pedestrian 630.07479 143.089721 673.741456 243.686918 1.709764 0.597256 0.524796 0.791411 1.072144 12.344026 1.369549
88 8 Pedestrian 695.439518 147.914967 734.772851 237.032495 1.590542 0.464626 0.67082 2.035381 1.007386 13.011559 1.214946
89 5 Pedestrian 786.289776 147.399906 846.215078 310.584232 1.677151 0.446023 0.749989 2.331782 1.335901 7.696158 1.154248
89 6 Pedestrian 578.929175 127.921515 618.198488 246.810806 1.952553 0.628458 0.744739 -0.155738 1.086044 12.052475 1.306017
89 7 Pedestrian 633.223318 143.164262 675.039058 245.105745 1.709764 0.597256 0.524796 0.805338 1.081787 12.185473 1.368757
89 8 Pedestrian 699.766334 147.973239 737.018927 238.089873 1.590542 0.464626 0.67082 2.074927 1.014854 12.87142 1.217002
90 5 Pedestrian 791.047105 147.70974 859.71377 314.748123 1.677151 0.446023 0.749989 2.396796 1.346863 7.528474 1.153773
90 6 Pedestrian 581.478148 127.861578 621.478147 248.603339 1.952553 0.628458 0.744739 -0.1095 1.098307 11.873292 1.31076
90 7 Pedestrian 636.49966 143.2408 675.832994 246.563025 1.709764 0.597256 0.524796 0.819264 1.09143 12.026921 1.367966
90 8 Pedestrian 704.179869 148.032837 738.846536 239.17122 1.590542 0.464626 0.67082 2.114473 1.022323 12.73128 1.219059
91 5 Pedestrian 798.261565 148.034583 867.865645 319.113473 1.677151 0.446023 0.749989 2.461809 1.357826 7.360791 1.153298
91 6 Pedestrian 586.067429 127.802629 624.699841 250.432815 1.952553 0.628458 0.744739 -0.05552 1.110461 11.696182 1.315502
91 7 Pedestrian 636.114664 143.319414 677.406827 248.06034 1.709764 0.597256 0.524796 0.833191 1.101073 11.868369 1.367175
91 8 Pedestrian 706.584084 148.093807 742.313536 240.277361 1.590542 0.464626 0.67082 2.154019 1.029792 12.59114 1.221116
92 5 Pedestrian 806.132108 147.682183 874.465442 322.961054 1.677151 0.446023 0.749989 2.533527 1.362088 7.194713 1.152927
92 6 Pedestrian 589.988923 128.063758 626.655591 252.158874 1.952553 0.628458 0.744739 -0.01568 1.124453 11.562051 1.321065
92 7 Pedestrian 636.35129 143.446295 679.017956 249.699962 1.709764 0.597256 0.524796 0.859423 1.111704 11.704202 1.362285
92 8 Pedestrian 709.785135 148.274439 746.118468 241.462593 1.590542 0.464626 0.67082 2.204803 1.03889 12.459265 1.224266
93 5 Pedestrian 824.691236 147.312022 893.191491 327.002281 1.677151 0.446023 0.749989 2.605244 1.36635 7.028636 1.152557
93 6 Pedestrian 588.359559 128.331262 628.381935 253.926577 1.952553 0.628458 0.744739 0.024161 1.138445 11.427921 1.326628
93 7 Pedestrian 638.789756 143.57683 683.677498 251.387827 1.709764 0.597256 0.524796 0.885655 1.122335 11.540035 1.357395
93 8 Pedestrian 714.484045 148.459063 752.38601 242.673923 1.590542 0.464626 0.67082 2.255587 1.047987 12.327389 1.227415
94 5 Pedestrian 843.880907 146.922725 910.214243 331.252153 1.677151 0.446023 0.749989 2.676961 1.370612 6.862558 1.152187
94 6 Pedestrian 586.394841 128.605375 629.394842 255.737445 1.952553 0.628458 0.744739 0.064002 1.152437 11.293791 1.33219
94 7 Pedestrian 641.214026 143.711179 687.54736 253.126097 1.709764 0.597256 0.524796 0.911888 1.132966 11.375868 1.352506
94 8 Pedestrian 719.130799 148.647813 758.1308 243.912223 1.590542 0.464626 0.67082 2.306371 1.057085 12.195513 1.230564
95 5 Pedestrian 852.151722 146.512766 935.68333 335.727255 1.677151 0.446023 0.749989 2.748679 1.374875 6.69648 1.151817
95 6 Pedestrian 587.012374 128.886341 632.243001 257.593078 1.952553 0.628458 0.744739 0.103842 1.166428 11.15966 1.337753
95 7 Pedestrian 643.078051 143.852025 689.836589 254.939886 1.709764 0.597256 0.524796 0.929418 1.14374 11.209712 1.347616
95 8 Pedestrian 723.163377 148.840827 761.091103 245.178402 1.590542 0.464626 0.67082 2.357155 1.066183 12.063638 1.233714
96 5 Pedestrian 852.539907 150.492284 950.873241 341.748465 1.677151 0.446023 0.749989 2.776636 1.412954 6.629401 1.151447
96 6 Pedestrian 587.548791 129.174417 634.548792 259.495152 1.952553 0.628458 0.744739 0.143683 1.18042 11.02553 1.343316
96 7 Pedestrian 646.032716 143.992004 692.36605 256.763152 1.709764 0.597256 0.524796 0.964352 1.154229 11.047535 1.342726
96 8 Pedestrian 727.361013 149.038253 763.694347 246.473413 1.590542 0.464626 0.67082 2.407939 1.07528 11.931762 1.236863
97 5 Pedestrian 873.996586 148.979204 961.739338 345.679369 1.677151 0.446023 0.749989 2.850658 1.407352 6.457844 1.151519
97 6 Pedestrian 595.001076 129.09593 639.319952 261.404328 1.952553 0.628458 0.744739 0.186513 1.190793 10.865012 1.349297
97 7 Pedestrian 648.210643 144.468366 696.910186 258.998876 1.709764 0.597256 0.524796 0.997062 1.169975 10.883045 1.346287
97 8 Pedestrian 732.932834 149.541491 772.4639 248.164819 1.590542 0.464626 0.67082 2.467995 1.089621 11.793562 1.228345
98 5 Pedestrian 895.90237 147.377365 969.235702 349.840514 1.677151 0.446023 0.749989 2.92468 1.40175 6.286286 1.151592
98 6 Pedestrian 602.293415 129.015074 643.293413 263.372505 1.952553 0.628458 0.744739 0.229342 1.201167 10.704495 1.355278
98 7 Pedestrian 650.370716 144.959743 700.704052 261.30492 1.709764 0.597256 0.524796 1.029772 1.185721 10.718556 1.349847
98 8 Pedestrian 738.285609 150.05723 780.285608 249.897808 1.590542 0.464626 0.67082 2.528052 1.103962 11.655361 1.219826
99 5 Pedestrian 906.736742 145.678722 1000.755834 354.252738 1.677151 0.446023 0.749989 2.998702 1.396148 6.114728 1.151664
99 6 Pedestrian 608.364505 128.931737 647.989653 265.402457 1.952553 0.628458 0.744739 0.272171 1.21154 10.543977 1.361259
99 7 Pedestrian 653.736727 145.466855 702.484091 263.684653 1.709764 0.597256 0.524796 1.062482 1.201468 10.554067 1.353408
99 8 Pedestrian 741.794438 150.585934 785.215621 251.673924 1.590542 0.464626 0.67082 2.588108 1.118303 11.517161 1.211308
100 5 Pedestrian 915.994745 148.037236 1027.66141 362.52615 1.677151 0.446023 0.749989 3.066655 1.422292 5.957816 1.151737
100 6 Pedestrian 614.582707 128.8458 652.249375 267.497137 1.952553 0.628458 0.744739 0.315001 1.221913 10.383459 1.36724
100 7 Pedestrian 657.111481 145.990468 703.444814 266.141663 1.709764 0.597256 0.524796 1.095191 1.217214 10.389578 1.356968
100 8 Pedestrian 742.462531 149.955573 786.462531 252.495559 1.590542 0.464626 0.67082 2.599266 1.115235 11.360488 1.20279
101 5 Pedestrian 936.720677 150.533741 1043.47294 369.0 1.677151 0.446023 0.749989 3.134607 1.448436 5.800904 1.151809
101 6 Pedestrian 615.154882 128.757138 657.103239 269.659688 1.952553 0.628458 0.744739 0.35783 1.232286 10.222942 1.373221
101 7 Pedestrian 659.829649 146.531401 706.726823 268.679776 1.709764 0.597256 0.524796 1.127901 1.23296 10.225089 1.360529
101 8 Pedestrian 746.136618 149.306899 791.733948 253.340924 1.590542 0.464626 0.67082 2.610425 1.112168 11.203816 1.194271
102 5 Pedestrian 957.911973 148.327874 1055.245307 369.0 1.677151 0.446023 0.749989 3.203584 1.43898 5.64135 1.149683
102 6 Pedestrian 615.175337 129.208269 660.842005 271.908659 1.952553 0.628458 0.744739 0.393677 1.247484 10.098893 1.375515
102 7 Pedestrian 662.516647 146.574234 709.183315 270.44008 1.709764 0.597256 0.524796 1.162293 1.240213 10.087439 1.363699
102 8 Pedestrian 752.422534 149.394191 798.755867 254.642852 1.590542 0.464626 0.67082 2.668209 1.118959 11.07837 1.201435
103 5 Pedestrian 981.196136 145.982381 1081.987776 369.0 1.677151 0.446023 0.749989 3.272562 1.429524 5.481795 1.147558
103 6 Pedestrian 611.817208 129.671087 664.634753 274.215755 1.952553 0.628458 0.744739 0.429524 1.262682 9.974845 1.377809
103 7 Pedestrian 667.372947 146.618295 715.726693 272.250361 1.709764 0.597256 0.524796 1.196685 1.247465 9.949789 1.366869
103 8 Pedestrian 757.662874 149.483597 803.473967 255.975385 1.590542 0.464626 0.67082 2.725994 1.12575 10.952923 1.208599
104 5 Pedestrian 1004.392633 143.483573 1104.392634 369.0 1.677151 0.446023 0.749989 3.341539 1.420068 5.32224 1.145432
104 6 Pedestrian 608.484173 130.145685 667.817504 276.583258 1.952553 0.628458 0.744739 0.465371 1.27788 9.850797 1.380103
104 7 Pedestrian 672.22525 146.663639 721.558583 274.11278 1.709764 0.597256 0.524796 1.231077 1.254718 9.812139 1.370039
104 8 Pedestrian 763.193586 149.575189 807.860252 257.339613 1.590542 0.464626 0.67082 2.783778 1.132542 10.827477 1.215762
105 5 Pedestrian 1025.553871 140.815911 1133.553634 369.0 1.677151 0.446023 0.749989 3.410517 1.410612 5.162686 1.143306
105 6 Pedestrian 611.183485 130.619857 669.610907 279.01357 1.952553 0.628458 0.744739 0.501218 1.293078 9.726748 1.382397
105 7 Pedestrian 676.123963 146.71032 728.51231 276.02962 1.709764 0.597256 0.524796 1.265469 1.26197 9.674489 1.373209
105 8 Pedestrian 769.004961 149.669049 815.984426 258.736677 1.590542 0.464626 0.67082 2.841562 1.139333 10.70203 1.222926
106 5 Pedestrian 1033.644076 138.318204 1144.977413 369.0 1.677151 0.446023 0.749989 3.436562 1.397865 5.096866 1.14118
106 6 Pedestrian 614.103717 131.106791 670.770385 281.509225 1.952553 0.628458 0.744739 0.537065 1.308276 9.6027 1.38469
106 7 Pedestrian 680.02785 146.758398 734.694518 278.003302 1.709764 0.597256 0.524796 1.29986 1.269223 9.536839 1.376378
106 8 Pedestrian 775.016782 149.765257 823.68345 260.167777 1.590542 0.464626 0.67082 2.899346 1.146124 10.576584 1.23009
107 5 Pedestrian 1068.662003 138.384697 1168.759106 369.0 1.677151 0.446023 0.749989 3.5065 1.407849 4.935689 1.148076
107 6 Pedestrian 616.687516 130.915681 674.004777 284.363382 1.952553 0.628458 0.744739 0.565144 1.318542 9.420349 1.384071
107 7 Pedestrian 683.927729 147.081345 737.629338 280.960789 1.709764 0.597256 0.524796 1.331552 1.281919 9.356379 1.36819
107 8 Pedestrian 781.382029 149.907291 829.558458 261.874701 1.590542 0.464626 0.67082 2.941756 1.154368 10.435024 1.222106
108 5 Pedestrian 1100.947346 138.456299 1184.280676 369.0 1.677151 0.446023 0.749989 3.576438 1.417833 4.774512 1.154971
108 6 Pedestrian 619.184635 130.716774 675.851301 287.335673 1.952553 0.628458 0.744739 0.593223 1.328808 9.237999 1.383452
108 7 Pedestrian 687.548634 147.417137 738.881968 284.039772 1.709764 0.597256 0.524796 1.363244 1.294616 9.175919 1.360001
108 8 Pedestrian 787.793191 150.053475 834.459858 263.630487 1.590542 0.464626 0.67082 2.984165 1.162611 10.293463 1.214122
109 5 Pedestrian 1088.286464 138.533599 1223.0 369.0 1.677151 0.446023 0.749989 3.646376 1.427817 4.613335 1.161867
109 6 Pedestrian 627.429308 130.509581 679.108344 290.433588 1.952553 0.628458 0.744739 0.621302 1.339074 9.055648 1.382832
109 7 Pedestrian 689.184127 147.766551 745.025685 287.247888 1.709764 0.597256 0.524796 1.394936 1.307312 8.995459 1.351813
109 8 Pedestrian 793.357143 150.203991 839.683643 265.437259 1.590542 0.464626 0.67082 3.026574 1.170854 10.151903 1.206138
110 5 Pedestrian 1115.395119 140.031769 1223.0 369.0 1.677151 0.446023 0.749989 3.716315 1.437801 4.452158 1.168762
110 6 Pedestrian 635.93645 130.293575 681.269784 293.665264 1.952553 0.628458 0.744739 0.649381 1.34934 8.873297 1.382213
110 7 Pedestrian 690.961434 148.130426 749.961435 290.593427 1.709764 0.597256 0.524796 1.426628 1.320009 8.814999 1.343624
110 8 Pedestrian 798.874014 150.359029 843.874013 267.297267 1.590542 0.464626 0.67082 3.068983 1.179098 10.010343 1.198154
111 5 Pedestrian 1144.400703 141.741917 1223.0 369.0 1.677151 0.446023 0.749989 3.786253 1.447785 4.290981 1.175657
111 6 Pedestrian 637.175459 130.068181 689.410205 297.039554 1.952553 0.628458 0.744739 0.67746 1.359606 8.690946 1.381594
111 7 Pedestrian 696.485456 148.509671 751.615103 294.085404 1.709764 0.597256 0.524796 1.45832 1.332705 8.63454 1.335436
111 8 Pedestrian 802.76783 150.518792 854.248197 269.212894 1.590542 0.464626 0.67082 3.111392 1.187341 9.868782 1.190171
112 6 Pedestrian 638.193789 130.595256 696.193788 300.94697 1.952553 0.628458 0.744739 0.710735 1.377354 8.528885 1.371771
112 7 Pedestrian 702.612689 148.678183 752.279355 297.090257 1.709764 0.597256 0.524796 1.496607 1.342021 8.474737 1.344853
112 8 Pedestrian 807.831587 150.837654 864.831589 271.188505 1.590542 0.464626 0.67082 3.173774 1.197097 9.738539 1.187678
113 6 Pedestrian 638.227717 131.139507 700.424258 305.015441 1.952553 0.628458 0.744739 0.744009 1.395102 8.366823 1.361949
113 7 Pedestrian 707.1672 148.853556 763.666431 300.213075 1.709764 0.597256 0.524796 1.534895 1.351336 8.314935 1.35427
113 8 Pedestrian 813.955774 151.165559 869.191271 273.220033 1.590542 0.464626 0.67082 3.236156 1.206853 9.608295 1.185186
114 6 Pedestrian 638.004166 131.707002 702.670832 309.255108 1.952553 0.628458 0.744739 0.777283 1.41285 8.204761 1.352127
114 7 Pedestrian 711.892152 149.036215 774.225484 303.46094 1.709764 0.597256 0.524796 1.573182 1.360651 8.155132 1.363687
114 8 Pedestrian 820.112364 151.502898 872.445698 275.309883 1.590542 0.464626 0.67082 3.298538 1.216609 9.478052 1.182693
115 6 Pedestrian 639.496523 132.29924 706.141773 313.676979 1.952553 0.628458 0.744739 0.810558 1.430598 8.0427 1.342304
115 7 Pedestrian 717.431553 149.226614 784.262181 306.84151 1.709764 0.597256 0.524796 1.611469 1.369966 7.99533 1.373105
115 8 Pedestrian 826.772149 151.850082 884.307875 277.460605 1.590542 0.464626 0.67082 3.360919 1.226364 9.347808 1.180201
116 6 Pedestrian 641.166208 132.917854 707.832876 318.293032 1.952553 0.628458 0.744739 0.843832 1.448347 7.880638 1.332482
116 7 Pedestrian 722.971372 149.425251 792.97137 310.363086 1.709764 0.597256 0.524796 1.649756 1.379281 7.835528 1.382522
116 8 Pedestrian 833.619832 152.207549 895.286501 279.674895 1.590542 0.464626 0.67082 3.423301 1.23612 9.217565 1.177708
117 6 Pedestrian 649.949282 132.084203 714.256414 321.736011 1.952553 0.628458 0.744739 0.885738 1.451053 7.711538 1.337827
117 7 Pedestrian 726.249729 149.68234 796.739632 314.207992 1.709764 0.597256 0.524796 1.65712 1.389244 7.671222 1.384908
117 8 Pedestrian 842.471766 152.326763 903.47228 281.812874 1.590542 0.464626 0.67082 3.47899 1.243102 9.080217 1.175049
118 6 Pedestrian 658.936877 131.211204 719.270209 325.341288 1.952553 0.628458 0.744739 0.927644 1.453759 7.542438 1.343172
118 7 Pedestrian 729.495707 149.951067 798.829041 318.227746 1.709764 0.597256 0.524796 1.664483 1.399206 7.506916 1.387294
118 8 Pedestrian 851.32688 152.449825 910.326879 284.019631 1.590542 0.464626 0.67082 3.534679 1.250084 8.94287 1.17239
119 6 Pedestrian 670.968036 130.296004 726.746791 329.120616 1.952553 0.628458 0.744739 0.969549 1.456466 7.373339 1.348517
119 7 Pedestrian 735.841894 150.23224 804.200708 322.434552 1.709764 0.597256 0.524796 1.671846 1.409169 7.34261 1.389681
119 8 Pedestrian 860.287312 152.576925 917.611306 286.29854 1.590542 0.464626 0.67082 3.590367 1.257065 8.805523 1.169731
120 6 Pedestrian 683.142031 129.335466 732.808695 333.086909 1.952553 0.628458 0.744739 1.011455 1.459172 7.204239 1.353862
120 7 Pedestrian 740.403505 150.583305 806.07017 326.062485 1.709764 0.597256 0.524796 1.666421 1.418303 7.211067 1.392067
120 8 Pedestrian 869.615937 152.708263 923.949272 288.653195 1.590542 0.464626 0.67082 3.646056 1.264047 8.668176 1.167072
121 6 Pedestrian 685.925745 128.326134 745.277809 337.254396 1.952553 0.628458 0.744739 1.053361 1.461878 7.035139 1.359207
121 7 Pedestrian 746.592169 150.835544 810.98694 331.464089 1.709764 0.597256 0.524796 1.686573 1.429094 7.013999 1.394453
121 8 Pedestrian 879.909588 152.844054 942.033724 291.087439 1.590542 0.464626 0.67082 3.701745 1.271029 8.530829 1.164413
122 6 Pedestrian 686.703166 127.665301 754.369835 342.034822 1.952553 0.628458 0.744739 1.078304 1.468217 6.865804 1.366147
122 7 Pedestrian 753.155848 151.913109 814.155849 337.225633 1.709764 0.597256 0.524796 1.718194 1.44614 6.846615 1.384543
122 8 Pedestrian 890.450856 153.759211 959.117524 294.0883 1.590542 0.464626 0.67082 3.762964 1.286108 8.409556 1.168083
123 6 Pedestrian 686.642179 126.969224 760.722546 347.070278 1.952553 0.628458 0.744739 1.103247 1.474555 6.696469 1.373086
123 7 Pedestrian 755.972563 153.045368 825.657626 343.293622 1.709764 0.597256 0.524796 1.749815 1.463187 6.679232 1.374634
123 8 Pedestrian 899.31896 154.702461 964.536111 297.181058 1.590542 0.464626 0.67082 3.824183 1.301186 8.288282 1.171753
124 6 Pedestrian 686.382597 126.234998 765.049262 352.381729 1.952553 0.628458 0.744739 1.12819 1.480893 6.527134 1.380025
124 7 Pedestrian 758.67404 154.23657 835.007374 349.69314 1.709764 0.597256 0.524796 1.781436 1.480233 6.511848 1.364724
124 8 Pedestrian 909.90352 154.846281 970.236855 300.037766 1.590542 0.464626 0.67082 3.896519 1.308126 8.140471 1.175423
125 6 Pedestrian 687.431773 125.459396 773.741639 357.992502 1.952553 0.628458 0.744739 1.153133 1.487231 6.357799 1.386964
125 7 Pedestrian 768.539075 151.726877 849.358432 352.618487 1.709764 0.597256 0.524796 1.812636 1.46455 6.344292 1.354814
125 8 Pedestrian 922.805178 154.993056 989.112347 303.005289 1.590542 0.464626 0.67082 3.968854 1.315066 7.99266 1.179093
126 6 Pedestrian 688.528468 124.638809 780.195135 363.928628 1.952553 0.628458 0.744739 1.178076 1.493569 6.188464 1.393904
126 7 Pedestrian 778.382732 149.07967 861.049401 355.712504 1.709764 0.597256 0.524796 1.843837 1.448866 6.176735 1.344904
126 8 Pedestrian 935.80343 155.139487 1006.470098 306.090201 1.590542 0.464626 0.67082 4.04119 1.322006 7.844848 1.182763
127 6 Pedestrian 699.219048 124.115262 790.765569 369.0 1.952553 0.628458 0.744739 1.210013 1.502468 6.022577 1.396707
127 7 Pedestrian 782.067498 146.283344 865.385663 358.990243 1.709764 0.597256 0.524796 1.875038 1.433182 6.009179 1.334994
127 8 Pedestrian 947.254724 153.674231 1023.213449 311.539228 1.590542 0.464626 0.67082 4.022341 1.319123 7.522223 1.127879
128 6 Pedestrian 710.006546 123.559889 798.339876 369.0 1.952553 0.628458 0.744739 1.24195 1.511367 5.85669 1.39951
128 7 Pedestrian 785.514268 147.096753 866.51427 366.37824 1.709764 0.597256 0.524796 1.903414 1.44768 5.840836 1.322773
128 8 Pedestrian 958.862568 153.967004 1036.195899 314.857506 1.590542 0.464626 0.67082 4.091699 1.327369 7.391222 1.072995
129 6 Pedestrian 725.278304 122.969697 808.183283 369.0 1.952553 0.628458 0.744739 1.273887 1.520265 5.690803 1.402313
129 7 Pedestrian 798.335589 147.958977 881.194579 369.0 1.709764 0.597256 0.524796 1.931791 1.462178 5.672494 1.310551
129 8 Pedestrian 970.646855 154.275072 1046.944638 318.280086 1.590542 0.464626 0.67082 4.161056 1.335614 7.260221 1.018111
130 6 Pedestrian 740.211054 122.341303 814.544384 369.0 1.952553 0.628458 0.744739 1.305824 1.529164 5.524917 1.405116
130 7 Pedestrian 811.363111 148.874507 893.029776 369.0 1.709764 0.597256 0.524796 1.960167 1.476676 5.504152 1.29833
130 8 Pedestrian 982.98824 154.599284 1056.654906 321.811256 1.590542 0.464626 0.67082 4.230413 1.343859 7.129219 0.963227
131 6 Pedestrian 746.127338 121.670872 828.559441 369.0 1.952553 0.628458 0.744739 1.337762 1.538063 5.35903 1.40792
131 7 Pedestrian 821.402428 149.848404 914.975007 369.0 1.709764 0.597256 0.524796 1.988544 1.491174 5.33581 1.286108
131 8 Pedestrian 995.815891 154.940524 1078.595732 325.455598 1.590542 0.464626 0.67082 4.299771 1.352104 6.998218 0.908343
132 6 Pedestrian 750.96434 118.506783 838.631008 369.0 1.952553 0.628458 0.744739 1.370451 1.529711 5.203107 1.405594
132 7 Pedestrian 833.48243 149.253784 935.815766 369.0 1.709764 0.597256 0.524796 2.037786 1.4934 5.187549 1.287389
132 8 Pedestrian 999.487267 156.600439 1090.487266 329.107742 1.590542 0.464626 0.67082 4.30927 1.370148 6.921962 0.908294
133 6 Pedestrian 760.101167 115.128445 853.273637 369.0 1.952553 0.628458 0.744739 1.40314 1.52136 5.047185 1.403268
133 7 Pedestrian 843.846599 148.622827 956.420395 369.0 1.709764 0.597256 0.524796 2.087029 1.495625 5.039289 1.288669
133 8 Pedestrian 1016.037922 152.233553 1106.158148 328.829456 1.590542 0.464626 0.67082 4.376178 1.335961 6.771224 0.908245
134 6 Pedestrian 768.216415 111.513338 863.216416 369.0 1.952553 0.628458 0.744739 1.435829 1.513009 4.891262 1.400943
134 7 Pedestrian 854.344535 147.952095 973.344532 369.0 1.709764 0.597256 0.524796 2.136271 1.49785 4.891029 1.289949
134 8 Pedestrian 1031.140556 154.293844 1117.80722 334.808189 1.590542 0.464626 0.67082 4.43437 1.359624 6.632877 0.908197
135 6 Pedestrian 770.363893 107.63567 876.836849 369.0 1.952553 0.628458 0.744739 1.468519 1.504657 4.735339 1.398617
135 7 Pedestrian 874.646495 147.237706 997.371257 369.0 1.709764 0.597256 0.524796 2.185514 1.500076 4.742769 1.291229
135 8 Pedestrian 1046.956319 156.447837 1142.13123 341.058461 1.590542 0.464626 0.67082 4.492562 1.383287 6.494529 0.908148
136 6 Pedestrian 771.227996 103.465761 884.894661 369.0 1.952553 0.628458 0.744739 1.501208 1.496306 4.579417 1.396292
136 7 Pedestrian 892.151954 146.586719 1013.818619 369.0 1.709764 0.597256 0.524796 2.226004 1.501539 4.624923 1.292509
136 8 Pedestrian 1063.314935 158.702073 1164.648271 347.599201 1.590542 0.464626 0.67082 4.550754 1.40695 6.356182 0.908099
137 6 Pedestrian 782.704825 103.023173 907.719094 369.0 1.952553 0.628458 0.744739 1.528131 1.509396 4.437465 1.391969
137 7 Pedestrian 904.45616 146.504431 1025.529039 369.0 1.709764 0.597256 0.524796 2.268344 1.508654 4.468699 1.301618
137 8 Pedestrian 1082.149927 157.950324 1177.553432 351.224989 1.590542 0.464626 0.67082 4.60575 1.40493 6.221363 0.908051
138 6 Pedestrian 793.408245 102.547986 924.741577 369.0 1.952553 0.628458 0.744739 1.555054 1.522486 4.295513 1.387647
138 7 Pedestrian 916.357051 146.415961 1031.357047 369.0 1.709764 0.597256 0.524796 2.310683 1.515768 4.312474 1.310727
138 8 Pedestrian 1101.194124 157.162861 1187.860789 355.02277 1.590542 0.464626 0.67082 4.660747 1.40291 6.086543 0.908002
139 6 Pedestrian 800.691789 102.036449 974.129976 369.0 1.952553 0.628458 0.744739 1.581977 1.535576 4.15356 1.383325
139 7 Pedestrian 936.55074 146.320568 1094.889205 369.0 1.709764 0.597256 0.524796 2.353022 1.522883 4.15625 1.319835
139 8 Pedestrian 1112.850604 156.337079 1203.133986 359.005079 1.590542 0.464626 0.67082 4.715744 1.40089 5.951724 0.907953
140 6 Pedestrian 811.438566 101.484211 993.418457 369.0 1.952553 0.628458 0.744739 1.6089 1.548666 4.011608 1.379003
140 7 Pedestrian 956.167123 146.217386 1122.82538 369.0 1.709764 0.597256 0.524796 2.395361 1.529998 4.000025 1.328944
140 8 Pedestrian 1130.839327 155.790888 1206.752997 360.909514 1.590542 0.464626 0.67082 4.77074 1.39887 5.816905 0.907904
141 6 Pedestrian 822.927366 100.886196 1014.224819 369.0 1.952553 0.628458 0.744739 1.635823 1.561756 3.869656 1.37468
141 7 Pedestrian 977.281155 146.105399 1153.19178 369.0 1.709764 0.597256 0.524796 2.437701 1.537112 3.843801 1.338053
141 8 Pedestrian 1149.790832 155.454208 1223.0 361.721053 1.590542 0.464626 0.67082 4.825737 1.39685 5.682086 0.907856
142 6 Pedestrian 835.942733 101.4692 1036.981282 369.0 1.952553 0.628458 0.744739 1.65008 1.58248 3.699598 1.410498
142 7 Pedestrian 996.263917 147.181784 1180.779843 369.0 1.709764 0.597256 0.524796 2.469959 1.549057 3.70719 1.333442
143 6 Pedestrian 850.128711 102.124531 1062.190046 369.0 1.952553 0.628458 0.744739 1.664337 1.603205 3.529539 1.446316
143 7 Pedestrian 1016.648324 148.3441 1210.567237 369.0 1.709764 0.597256 0.524796 2.502218 1.561001 3.570578 1.328831
144 6 Pedestrian 865.637477 102.365416 1090.289025 369.0 1.952553 0.628458 0.744739 1.678595 1.62393 3.359481 1.482134
144 7 Pedestrian 1038.595416 149.675796 1223.0 369.0 1.709764 0.597256 0.524796 2.534477 1.572945 3.433967 1.32422
