0 135 Pedestrian 0 0 -10.0 900.0 150.0 986.0 265.0 0.0 0.0 0.0 0.0 0.0 0.0 -10.0 0.7524
1 135 Pedestrian 0 0 -10.0 917.0 145.0 997.0 278.0 0.0 0.0 0.0 0.0 0.0 0.0 -10.0 0.7341
1 468 Car 0 0 -10.0 0.0 193.0 297.0 362.0 0.0 0.0 0.0 0.0 0.0 0.0 -10.0 0.9451
1 469 Cyclist 0 0 -10.0 974.0 143.0 1013.0 210.0 0.0 0.0 0.0 0.0 0.0 0.0 -10.0 0.7996
1 470 Car 0 0 -10.0 439.0 166.0 472.0 191.0 0.0 0.0 0.0 0.0 0.0 0.0 -10.0 0.8214
2 135 Pedestrian 0 0 -10.0 929.0 142.0 1008.0 285.0 0.0 0.0 0.0 0.0 0.0 0.0 -10.0 0.7826
2 468 Car 0 0 -10.0 0.0 193.0 297.0 362.0 0.0 0.0 0.0 0.0 0.0 0.0 -10.0 0.9424
2 469 Cyclist 0 0 -10.0 972.0 145.0 1008.0 208.0 0.0 0.0 0.0 0.0 0.0 0.0 -10.0 0.4647
2 470 Car 0 0 -10.0 439.0 166.0 472.0 191.0 0.0 0.0 0.0 0.0 0.0 0.0 -10.0 0.8203
3 135 Pedestrian 0 0 -10.0 942.0 143.0 1012.0 290.0 0.0 0.0 0.0 0.0 0.0 0.0 -10.0 0.7619
3 468 Car 0 0 -10.0 0.0 195.0 298.0 362.0 0.0 0.0 0.0 0.0 0.0 0.0 -10.0 0.9409
3 469 Cyclist 0 0 -10.0 975.0 146.0 1008.0 209.0 0.0 0.0 0.0 0.0 0.0 0.0 -10.0 0.5536
3 470 Car 0 0 -10.0 439.0 167.0 473.0 192.0 0.0 0.0 0.0 0.0 0.0 0.0 -10.0 0.8103
3 474 Pedestrian 0 0 -10.0 161.0 166.0 199.0 276.0 0.0 0.0 0.0 0.0 0.0 0.0 -10.0 0.5902
4 135 Pedestrian 0 0 -10.0 962.0 140.0 1028.0 289.0 0.0 0.0 0.0 0.0 0.0 0.0 -10.0 0.7194
4 468 Car 0 0 -10.0 0.0 196.0 297.0 363.0 0.0 0.0 0.0 0.0 0.0 0.0 -10.0 0.9367
4 469 Cyclist 0 0 -10.0 975.0 146.0 1011.0 212.0 0.0 0.0 0.0 0.0 0.0 0.0 -10.0 0.7975
4 470 Car 0 0 -10.0 439.0 169.0 473.0 193.0 0.0 0.0 0.0 0.0 0.0 0.0 -10.0 0.8111
4 474 Pedestrian 0 0 -10.0 166.0 167.0 204.0 273.0 0.0 0.0 0.0 0.0 0.0 0.0 -10.0 0.6305
5 135 Pedestrian 0 0 -10.0 980.0 141.0 1050.0 289.0 0.0 0.0 0.0 0.0 0.0 0.0 -10.0 0.748
5 468 Car 0 0 -10.0 0.0 196.0 297.0 363.0 0.0 0.0 0.0 0.0 0.0 0.0 -10.0 0.9326
5 469 Cyclist 0 0 -10.0 975.0 145.0 1011.0 214.0 0.0 0.0 0.0 0.0 0.0 0.0 -10.0 0.8639
5 470 Car 0 0 -10.0 439.0 169.0 473.0 194.0 0.0 0.0 0.0 0.0 0.0 0.0 -10.0 0.8024
5 474 Pedestrian 0 0 -10.0 170.0 167.0 210.0 277.0 0.0 0.0 0.0 0.0 0.0 0.0 -10.0 0.7887
6 135 Pedestrian 0 0 -10.0 996.0 138.0 1070.0 285.0 0.0 0.0 0.0 0.0 0.0 0.0 -10.0 0.7444
6 468 Car 0 0 -10.0 0.0 195.0 298.0 363.0 0.0 0.0 0.0 0.0 0.0 0.0 -10.0 0.938
6 469 Cyclist 0 0 -10.0 970.0 147.0 1007.0 214.0 0.0 0.0 0.0 0.0 0.0 0.0 -10.0 0.6925
6 470 Car 0 0 -10.0 440.0 169.0 473.0 193.0 0.0 0.0 0.0 0.0 0.0 0.0 -10.0 0.8107
6 474 Pedestrian 0 0 -10.0 175.0 169.0 218.0 272.0 0.0 0.0 0.0 0.0 0.0 0.0 -10.0 0.812
7 135 Pedestrian 0 0 -10.0 1006.0 136.0 1079.0 284.0 0.0 0.0 0.0 0.0 0.0 0.0 -10.0 0.6548
7 468 Car 0 0 -10.0 0.0 196.0 299.0 363.0 0.0 0.0 0.0 0.0 0.0 0.0 -10.0 0.9391
7 469 Cyclist 0 0 -10.0 967.0 151.0 1015.0 216.0 0.0 0.0 0.0 0.0 0.0 0.0 -10.0 0.1743
7 470 Car 0 0 -10.0 439.0 169.0 472.0 193.0 0.0 0.0 0.0 0.0 0.0 0.0 -10.0 0.8047
7 474 Pedestrian 0 0 -10.0 179.0 169.0 223.0 275.0 0.0 0.0 0.0 0.0 0.0 0.0 -10.0 0.7875
7 477 Cyclist 0 0 -10.0 845.0 154.0 952.0 264.0 0.0 0.0 0.0 0.0 0.0 0.0 -10.0 0.7816
8 135 Pedestrian 0 0 -10.0 1013.0 133.0 1086.0 281.0 0.0 0.0 0.0 0.0 0.0 0.0 -10.0 0.729
8 468 Car 0 0 -10.0 0.0 196.0 299.0 362.0 0.0 0.0 0.0 0.0 0.0 0.0 -10.0 0.9406
8 469 Cyclist 0 0 -10.0 969.0 147.0 1014.0 215.0 0.0 0.0 0.0 0.0 0.0 0.0 -10.0 0.5849
8 470 Car 0 0 -10.0 439.0 169.0 472.0 193.0 0.0 0.0 0.0 0.0 0.0 0.0 -10.0 0.8115
8 474 Pedestrian 0 0 -10.0 185.0 168.0 230.0 273.0 0.0 0.0 0.0 0.0 0.0 0.0 -10.0 0.7612
8 477 Cyclist 0 0 -10.0 853.0 153.0 974.0 263.0 0.0 0.0 0.0 0.0 0.0 0.0 -10.0 0.8762
9 135 Pedestrian 0 0 -10.0 1030.0 130.0 1100.0 279.0 0.0 0.0 0.0 0.0 0.0 0.0 -10.0 0.63
9 468 Car 0 0 -10.0 0.0 196.0 300.0 362.0 0.0 0.0 0.0 0.0 0.0 0.0 -10.0 0.9408
9 469 Cyclist 0 0 -10.0 973.0 147.0 1014.0 212.0 0.0 0.0 0.0 0.0 0.0 0.0 -10.0 0.3581
9 470 Car 0 0 -10.0 440.0 169.0 473.0 193.0 0.0 0.0 0.0 0.0 0.0 0.0 -10.0 0.8114
9 474 Pedestrian 0 0 -10.0 193.0 168.0 237.0 273.0 0.0 0.0 0.0 0.0 0.0 0.0 -10.0 0.7434
9 477 Cyclist 0 0 -10.0 875.0 151.0 999.0 260.0 0.0 0.0 0.0 0.0 0.0 0.0 -10.0 0.8591
10 135 Pedestrian 0 0 -10.0 1044.0 129.0 1121.0 283.0 0.0 0.0 0.0 0.0 0.0 0.0 -10.0 0.7386
10 468 Car 0 0 -10.0 0.0 197.0 300.0 362.0 0.0 0.0 0.0 0.0 0.0 0.0 -10.0 0.9392
10 469 Cyclist 0 0 -10.0 973.0 146.0 1010.0 214.0 0.0 0.0 0.0 0.0 0.0 0.0 -10.0 0.5377
10 470 Car 0 0 -10.0 440.0 169.0 473.0 193.0 0.0 0.0 0.0 0.0 0.0 0.0 -10.0 0.8067
10 474 Pedestrian 0 0 -10.0 200.0 168.0 246.0 273.0 0.0 0.0 0.0 0.0 0.0 0.0 -10.0 0.7316
10 477 Cyclist 0 0 -10.0 903.0 150.0 1016.0 258.0 0.0 0.0 0.0 0.0 0.0 0.0 -10.0 0.8202
10 483 Pedestrian 0 0 -10.0 193.0 169.0 238.0 277.0 0.0 0.0 0.0 0.0 0.0 0.0 -10.0 0.5656
11 135 Pedestrian 0 0 -10.0 1058.0 126.0 1139.0 283.0 0.0 0.0 0.0 0.0 0.0 0.0 -10.0 0.7741
11 468 Car 0 0 -10.0 0.0 197.0 298.0 362.0 0.0 0.0 0.0 0.0 0.0 0.0 -10.0 0.9374
11 469 Cyclist 0 0 -10.0 974.0 146.0 1011.0 213.0 0.0 0.0 0.0 0.0 0.0 0.0 -10.0 0.3572
11 470 Car 0 0 -10.0 440.0 169.0 473.0 193.0 0.0 0.0 0.0 0.0 0.0 0.0 -10.0 0.8104
11 474 Pedestrian 0 0 -10.0 207.0 168.0 257.0 270.0 0.0 0.0 0.0 0.0 0.0 0.0 -10.0 0.8062
11 477 Cyclist 0 0 -10.0 931.0 148.0 1036.0 255.0 0.0 0.0 0.0 0.0 0.0 0.0 -10.0 0.7944
11 483 Pedestrian 0 0 -10.0 197.0 168.0 246.0 277.0 0.0 0.0 0.0 0.0 0.0 0.0 -10.0 0.6129
12 135 Pedestrian 0 0 -10.0 1071.0 125.0 1150.0 282.0 0.0 0.0 0.0 0.0 0.0 0.0 -10.0 0.7679
12 468 Car 0 0 -10.0 1.0 197.0 297.0 362.0 0.0 0.0 0.0 0.0 0.0 0.0 -10.0 0.9412
12 469 Cyclist 0 0 -10.0 971.0 146.0 1013.0 221.0 0.0 0.0 0.0 0.0 0.0 0.0 -10.0 0.4254
12 470 Car 0 0 -10.0 440.0 169.0 473.0 193.0 0.0 0.0 0.0 0.0 0.0 0.0 -10.0 0.8128
12 474 Pedestrian 0 0 -10.0 217.0 167.0 264.0 268.0 0.0 0.0 0.0 0.0 0.0 0.0 -10.0 0.7823
12 477 Cyclist 0 0 -10.0 952.0 146.0 1079.0 251.0 0.0 0.0 0.0 0.0 0.0 0.0 -10.0 0.8443
13 135 Pedestrian 0 0 -10.0 1084.0 125.0 1166.0 274.0 0.0 0.0 0.0 0.0 0.0 0.0 -10.0 0.7596
13 468 Car 0 0 -10.0 1.0 197.0 297.0 363.0 0.0 0.0 0.0 0.0 0.0 0.0 -10.0 0.9426
13 469 Cyclist 0 0 -10.0 974.0 144.0 1014.0 216.0 0.0 0.0 0.0 0.0 0.0 0.0 -10.0 0.7468
13 470 Car 0 0 -10.0 440.0 169.0 473.0 193.0 0.0 0.0 0.0 0.0 0.0 0.0 -10.0 0.8077
13 474 Pedestrian 0 0 -10.0 224.0 168.0 269.0 270.0 0.0 0.0 0.0 0.0 0.0 0.0 -10.0 0.7847
13 477 Cyclist 0 0 -10.0 978.0 145.0 1106.0 245.0 0.0 0.0 0.0 0.0 0.0 0.0 -10.0 0.8434
14 135 Pedestrian 0 0 -10.0 1101.0 125.0 1180.0 278.0 0.0 0.0 0.0 0.0 0.0 0.0 -10.0 0.7896
14 468 Car 0 0 -10.0 1.0 196.0 297.0 363.0 0.0 0.0 0.0 0.0 0.0 0.0 -10.0 0.9421
14 469 Cyclist 0 0 -10.0 975.0 144.0 1013.0 213.0 0.0 0.0 0.0 0.0 0.0 0.0 -10.0 0.8707
14 470 Car 0 0 -10.0 440.0 169.0 473.0 193.0 0.0 0.0 0.0 0.0 0.0 0.0 -10.0 0.8095
14 474 Pedestrian 0 0 -10.0 234.0 168.0 276.0 270.0 0.0 0.0 0.0 0.0 0.0 0.0 -10.0 0.7703
14 477 Cyclist 0 0 -10.0 1003.0 141.0 1135.0 245.0 0.0 0.0 0.0 0.0 0.0 0.0 -10.0 0.8317
15 135 Pedestrian 0 0 -10.0 1113.0 120.0 1205.0 280.0 0.0 0.0 0.0 0.0 0.0 0.0 -10.0 0.7266
15 468 Car 0 0 -10.0 1.0 196.0 296.0 362.0 0.0 0.0 0.0 0.0 0.0 0.0 -10.0 0.9419
15 469 Cyclist 0 0 -10.0 976.0 143.0 1013.0 212.0 0.0 0.0 0.0 0.0 0.0 0.0 -10.0 0.8954
15 470 Car 0 0 -10.0 440.0 169.0 473.0 193.0 0.0 0.0 0.0 0.0 0.0 0.0 -10.0 0.8105
15 474 Pedestrian 0 0 -10.0 239.0 165.0 283.0 272.0 0.0 0.0 0.0 0.0 0.0 0.0 -10.0 0.8163
15 477 Cyclist 0 0 -10.0 1026.0 137.0 1156.0 245.0 0.0 0.0 0.0 0.0 0.0 0.0 -10.0 0.8544
15 483 Pedestrian 0 0 -10.0 209.0 168.0 255.0 279.0 0.0 0.0 0.0 0.0 0.0 0.0 -10.0 0.7927
16 135 Pedestrian 0 0 -10.0 1124.0 120.0 1217.0 279.0 0.0 0.0 0.0 0.0 0.0 0.0 -10.0 0.696
16 468 Car 0 0 -10.0 1.0 196.0 296.0 363.0 0.0 0.0 0.0 0.0 0.0 0.0 -10.0 0.9375
16 469 Cyclist 0 0 -10.0 976.0 143.0 1013.0 212.0 0.0 0.0 0.0 0.0 0.0 0.0 -10.0 0.8879
16 470 Car 0 0 -10.0 440.0 169.0 473.0 193.0 0.0 0.0 0.0 0.0 0.0 0.0 -10.0 0.8107
16 474 Pedestrian 0 0 -10.0 248.0 167.0 290.0 271.0 0.0 0.0 0.0 0.0 0.0 0.0 -10.0 0.7965
16 477 Cyclist 0 0 -10.0 1047.0 137.0 1180.0 245.0 0.0 0.0 0.0 0.0 0.0 0.0 -10.0 0.8586
16 483 Pedestrian 0 0 -10.0 214.0 168.0 258.0 277.0 0.0 0.0 0.0 0.0 0.0 0.0 -10.0 0.7392
17 135 Pedestrian 0 0 -10.0 1141.0 117.0 1223.0 267.0 0.0 0.0 0.0 0.0 0.0 0.0 -10.0 0.4947
17 468 Car 0 0 -10.0 0.0 196.0 297.0 363.0 0.0 0.0 0.0 0.0 0.0 0.0 -10.0 0.935
17 469 Cyclist 0 0 -10.0 976.0 143.0 1013.0 212.0 0.0 0.0 0.0 0.0 0.0 0.0 -10.0 0.8862
17 470 Car 0 0 -10.0 440.0 169.0 473.0 193.0 0.0 0.0 0.0 0.0 0.0 0.0 -10.0 0.8072
17 474 Pedestrian 0 0 -10.0 255.0 167.0 298.0 270.0 0.0 0.0 0.0 0.0 0.0 0.0 -10.0 0.7699
17 477 Cyclist 0 0 -10.0 1071.0 135.0 1202.0 243.0 0.0 0.0 0.0 0.0 0.0 0.0 -10.0 0.802
17 483 Pedestrian 0 0 -10.0 220.0 168.0 263.0 273.0 0.0 0.0 0.0 0.0 0.0 0.0 -10.0 0.7706
18 135 Cyclist 0 0 -10.0 1156.0 124.0 1224.0 244.0 0.0 0.0 0.0 0.0 0.0 0.0 -10.0 0.1074
18 468 Car 0 0 -10.0 0.0 195.0 296.0 363.0 0.0 0.0 0.0 0.0 0.0 0.0 -10.0 0.9337
18 469 Cyclist 0 0 -10.0 976.0 143.0 1013.0 212.0 0.0 0.0 0.0 0.0 0.0 0.0 -10.0 0.894
18 470 Car 0 0 -10.0 440.0 169.0 473.0 193.0 0.0 0.0 0.0 0.0 0.0 0.0 -10.0 0.8093
18 474 Pedestrian 0 0 -10.0 262.0 165.0 304.0 270.0 0.0 0.0 0.0 0.0 0.0 0.0 -10.0 0.787
18 477 Cyclist 0 0 -10.0 1099.0 131.0 1223.0 241.0 0.0 0.0 0.0 0.0 0.0 0.0 -10.0 0.8074
18 483 Pedestrian 0 0 -10.0 227.0 167.0 271.0 275.0 0.0 0.0 0.0 0.0 0.0 0.0 -10.0 0.7312
19 468 Car 0 0 -10.0 0.0 195.0 297.0 363.0 0.0 0.0 0.0 0.0 0.0 0.0 -10.0 0.9301
19 469 Cyclist 0 0 -10.0 976.0 143.0 1013.0 212.0 0.0 0.0 0.0 0.0 0.0 0.0 -10.0 0.8957
19 470 Car 0 0 -10.0 440.0 169.0 473.0 193.0 0.0 0.0 0.0 0.0 0.0 0.0 -10.0 0.811
19 474 Pedestrian 0 0 -10.0 269.0 164.0 313.0 269.0 0.0 0.0 0.0 0.0 0.0 0.0 -10.0 0.7903
19 477 Cyclist 0 0 -10.0 1122.0 129.0 1224.0 237.0 0.0 0.0 0.0 0.0 0.0 0.0 -10.0 0.8419
19 483 Pedestrian 0 0 -10.0 234.0 167.0 278.0 274.0 0.0 0.0 0.0 0.0 0.0 0.0 -10.0 0.7473
20 468 Car 0 0 -10.0 0.0 195.0 297.0 363.0 0.0 0.0 0.0 0.0 0.0 0.0 -10.0 0.9292
20 469 Cyclist 0 0 -10.0 976.0 143.0 1014.0 212.0 0.0 0.0 0.0 0.0 0.0 0.0 -10.0 0.8937
20 470 Car 0 0 -10.0 440.0 169.0 473.0 193.0 0.0 0.0 0.0 0.0 0.0 0.0 -10.0 0.8078
20 474 Pedestrian 0 0 -10.0 277.0 164.0 322.0 268.0 0.0 0.0 0.0 0.0 0.0 0.0 -10.0 0.7563
20 477 Cyclist 0 0 -10.0 1138.0 134.0 1223.0 235.0 0.0 0.0 0.0 0.0 0.0 0.0 -10.0 0.8395
20 483 Pedestrian 0 0 -10.0 241.0 168.0 287.0 276.0 0.0 0.0 0.0 0.0 0.0 0.0 -10.0 0.7073
21 468 Car 0 0 -10.0 0.0 195.0 296.0 363.0 0.0 0.0 0.0 0.0 0.0 0.0 -10.0 0.9362
21 469 Cyclist 0 0 -10.0 976.0 143.0 1014.0 212.0 0.0 0.0 0.0 0.0 0.0 0.0 -10.0 0.898
21 470 Car 0 0 -10.0 440.0 169.0 473.0 193.0 0.0 0.0 0.0 0.0 0.0 0.0 -10.0 0.8077
21 474 Pedestrian 0 0 -10.0 284.0 164.0 331.0 267.0 0.0 0.0 0.0 0.0 0.0 0.0 -10.0 0.775
21 477 Cyclist 0 0 -10.0 1161.0 137.0 1223.0 234.0 0.0 0.0 0.0 0.0 0.0 0.0 -10.0 0.6755
21 483 Pedestrian 0 0 -10.0 248.0 166.0 296.0 274.0 0.0 0.0 0.0 0.0 0.0 0.0 -10.0 0.7389
22 468 Car 0 0 -10.0 0.0 194.0 296.0 363.0 0.0 0.0 0.0 0.0 0.0 0.0 -10.0 0.9372
22 469 Cyclist 0 0 -10.0 976.0 143.0 1014.0 212.0 0.0 0.0 0.0 0.0 0.0 0.0 -10.0 0.9003
22 470 Car 0 0 -10.0 440.0 169.0 473.0 193.0 0.0 0.0 0.0 0.0 0.0 0.0 -10.0 0.8092
22 474 Pedestrian 0 0 -10.0 293.0 163.0 338.0 268.0 0.0 0.0 0.0 0.0 0.0 0.0 -10.0 0.7289
22 483 Pedestrian 0 0 -10.0 258.0 164.0 303.0 273.0 0.0 0.0 0.0 0.0 0.0 0.0 -10.0 0.7055
23 468 Car 0 0 -10.0 0.0 194.0 296.0 363.0 0.0 0.0 0.0 0.0 0.0 0.0 -10.0 0.9365
23 469 Cyclist 0 0 -10.0 976.0 144.0 1013.0 213.0 0.0 0.0 0.0 0.0 0.0 0.0 -10.0 0.8997
23 470 Car 0 0 -10.0 440.0 169.0 473.0 193.0 0.0 0.0 0.0 0.0 0.0 0.0 -10.0 0.808
23 474 Pedestrian 0 0 -10.0 301.0 163.0 347.0 268.0 0.0 0.0 0.0 0.0 0.0 0.0 -10.0 0.8096
23 483 Pedestrian 0 0 -10.0 266.0 163.0 309.0 272.0 0.0 0.0 0.0 0.0 0.0 0.0 -10.0 0.7892
24 468 Car 0 0 -10.0 0.0 195.0 295.0 363.0 0.0 0.0 0.0 0.0 0.0 0.0 -10.0 0.9349
24 469 Cyclist 0 0 -10.0 976.0 144.0 1013.0 212.0 0.0 0.0 0.0 0.0 0.0 0.0 -10.0 0.901
24 470 Car 0 0 -10.0 440.0 169.0 473.0 193.0 0.0 0.0 0.0 0.0 0.0 0.0 -10.0 0.8077
24 474 Pedestrian 0 0 -10.0 311.0 163.0 355.0 267.0 0.0 0.0 0.0 0.0 0.0 0.0 -10.0 0.7578
24 483 Pedestrian 0 0 -10.0 273.0 165.0 318.0 274.0 0.0 0.0 0.0 0.0 0.0 0.0 -10.0 0.744
24 488 Pedestrian 0 0 -10.0 839.0 142.0 918.0 304.0 0.0 0.0 0.0 0.0 0.0 0.0 -10.0 0.7803
25 468 Car 0 0 -10.0 0.0 195.0 295.0 363.0 0.0 0.0 0.0 0.0 0.0 0.0 -10.0 0.9353
25 469 Cyclist 0 0 -10.0 976.0 144.0 1014.0 213.0 0.0 0.0 0.0 0.0 0.0 0.0 -10.0 0.9018
25 470 Car 0 0 -10.0 440.0 169.0 473.0 193.0 0.0 0.0 0.0 0.0 0.0 0.0 -10.0 0.8066
25 474 Pedestrian 0 0 -10.0 318.0 163.0 361.0 271.0 0.0 0.0 0.0 0.0 0.0 0.0 -10.0 0.8069
25 483 Pedestrian 0 0 -10.0 280.0 167.0 326.0 275.0 0.0 0.0 0.0 0.0 0.0 0.0 -10.0 0.7151
25 488 Pedestrian 0 0 -10.0 845.0 143.0 920.0 305.0 0.0 0.0 0.0 0.0 0.0 0.0 -10.0 0.7881
26 468 Car 0 0 -10.0 0.0 195.0 295.0 363.0 0.0 0.0 0.0 0.0 0.0 0.0 -10.0 0.9373
26 469 Cyclist 0 0 -10.0 975.0 144.0 1014.0 213.0 0.0 0.0 0.0 0.0 0.0 0.0 -10.0 0.8991
26 470 Car 0 0 -10.0 440.0 169.0 473.0 193.0 0.0 0.0 0.0 0.0 0.0 0.0 -10.0 0.8034
26 474 Pedestrian 0 0 -10.0 328.0 163.0 373.0 270.0 0.0 0.0 0.0 0.0 0.0 0.0 -10.0 0.7583
26 483 Pedestrian 0 0 -10.0 288.0 169.0 333.0 274.0 0.0 0.0 0.0 0.0 0.0 0.0 -10.0 0.7297
26 488 Pedestrian 0 0 -10.0 857.0 138.0 931.0 302.0 0.0 0.0 0.0 0.0 0.0 0.0 -10.0 0.7209
27 468 Car 0 0 -10.0 0.0 195.0 295.0 363.0 0.0 0.0 0.0 0.0 0.0 0.0 -10.0 0.9359
27 469 Cyclist 0 0 -10.0 976.0 143.0 1014.0 213.0 0.0 0.0 0.0 0.0 0.0 0.0 -10.0 0.8855
27 470 Car 0 0 -10.0 440.0 169.0 472.0 193.0 0.0 0.0 0.0 0.0 0.0 0.0 -10.0 0.8042
27 474 Pedestrian 0 0 -10.0 335.0 166.0 381.0 268.0 0.0 0.0 0.0 0.0 0.0 0.0 -10.0 0.7921
27 483 Pedestrian 0 0 -10.0 298.0 170.0 340.0 269.0 0.0 0.0 0.0 0.0 0.0 0.0 -10.0 0.7327
27 488 Pedestrian 0 0 -10.0 868.0 139.0 942.0 305.0 0.0 0.0 0.0 0.0 0.0 0.0 -10.0 0.5753
28 468 Car 0 0 -10.0 0.0 195.0 296.0 363.0 0.0 0.0 0.0 0.0 0.0 0.0 -10.0 0.9345
28 469 Cyclist 0 0 -10.0 977.0 143.0 1014.0 213.0 0.0 0.0 0.0 0.0 0.0 0.0 -10.0 0.8579
28 470 Car 0 0 -10.0 439.0 169.0 472.0 193.0 0.0 0.0 0.0 0.0 0.0 0.0 -10.0 0.802
28 474 Pedestrian 0 0 -10.0 342.0 164.0 388.0 272.0 0.0 0.0 0.0 0.0 0.0 0.0 -10.0 0.7644
28 483 Pedestrian 0 0 -10.0 305.0 167.0 350.0 267.0 0.0 0.0 0.0 0.0 0.0 0.0 -10.0 0.7023
28 488 Pedestrian 0 0 -10.0 881.0 140.0 966.0 302.0 0.0 0.0 0.0 0.0 0.0 0.0 -10.0 0.736
29 468 Car 0 0 -10.0 0.0 194.0 296.0 363.0 0.0 0.0 0.0 0.0 0.0 0.0 -10.0 0.9338
29 469 Cyclist 0 0 -10.0 977.0 143.0 1014.0 213.0 0.0 0.0 0.0 0.0 0.0 0.0 -10.0 0.7872
29 470 Car 0 0 -10.0 439.0 169.0 472.0 193.0 0.0 0.0 0.0 0.0 0.0 0.0 -10.0 0.7987
29 474 Pedestrian 0 0 -10.0 350.0 163.0 396.0 273.0 0.0 0.0 0.0 0.0 0.0 0.0 -10.0 0.7872
29 483 Pedestrian 0 0 -10.0 311.0 164.0 360.0 273.0 0.0 0.0 0.0 0.0 0.0 0.0 -10.0 0.7394
29 488 Pedestrian 0 0 -10.0 888.0 142.0 980.0 305.0 0.0 0.0 0.0 0.0 0.0 0.0 -10.0 0.7603
30 468 Car 0 0 -10.0 0.0 194.0 296.0 363.0 0.0 0.0 0.0 0.0 0.0 0.0 -10.0 0.934
30 469 Cyclist 0 0 -10.0 976.0 144.0 1014.0 213.0 0.0 0.0 0.0 0.0 0.0 0.0 -10.0 0.7346
30 470 Car 0 0 -10.0 439.0 169.0 472.0 193.0 0.0 0.0 0.0 0.0 0.0 0.0 -10.0 0.7961
30 474 Pedestrian 0 0 -10.0 360.0 162.0 406.0 273.0 0.0 0.0 0.0 0.0 0.0 0.0 -10.0 0.7947
30 483 Pedestrian 0 0 -10.0 320.0 163.0 370.0 276.0 0.0 0.0 0.0 0.0 0.0 0.0 -10.0 0.7649
30 488 Pedestrian 0 0 -10.0 905.0 143.0 992.0 308.0 0.0 0.0 0.0 0.0 0.0 0.0 -10.0 0.7044
31 468 Car 0 0 -10.0 0.0 195.0 296.0 363.0 0.0 0.0 0.0 0.0 0.0 0.0 -10.0 0.9345
31 469 Cyclist 0 0 -10.0 972.0 144.0 1012.0 214.0 0.0 0.0 0.0 0.0 0.0 0.0 -10.0 0.6208
31 470 Car 0 0 -10.0 439.0 169.0 472.0 193.0 0.0 0.0 0.0 0.0 0.0 0.0 -10.0 0.7952
31 474 Pedestrian 0 0 -10.0 369.0 164.0 417.0 272.0 0.0 0.0 0.0 0.0 0.0 0.0 -10.0 0.794
31 483 Pedestrian 0 0 -10.0 328.0 165.0 376.0 275.0 0.0 0.0 0.0 0.0 0.0 0.0 -10.0 0.7179
31 488 Pedestrian 0 0 -10.0 919.0 141.0 1000.0 308.0 0.0 0.0 0.0 0.0 0.0 0.0 -10.0 0.7242
32 468 Car 0 0 -10.0 0.0 195.0 296.0 363.0 0.0 0.0 0.0 0.0 0.0 0.0 -10.0 0.9349
32 469 Cyclist 0 0 -10.0 967.0 144.0 1008.0 217.0 0.0 0.0 0.0 0.0 0.0 0.0 -10.0 0.4459
32 470 Car 0 0 -10.0 439.0 169.0 473.0 193.0 0.0 0.0 0.0 0.0 0.0 0.0 -10.0 0.7911
32 474 Pedestrian 0 0 -10.0 376.0 163.0 427.0 274.0 0.0 0.0 0.0 0.0 0.0 0.0 -10.0 0.7682
32 483 Pedestrian 0 0 -10.0 341.0 164.0 385.0 273.0 0.0 0.0 0.0 0.0 0.0 0.0 -10.0 0.7796
32 488 Pedestrian 0 0 -10.0 933.0 138.0 1012.0 307.0 0.0 0.0 0.0 0.0 0.0 0.0 -10.0 0.6612
33 468 Car 0 0 -10.0 0.0 195.0 296.0 363.0 0.0 0.0 0.0 0.0 0.0 0.0 -10.0 0.9362
33 469 Cyclist 0 0 -10.0 971.0 145.0 1010.0 218.0 0.0 0.0 0.0 0.0 0.0 0.0 -10.0 0.6116
33 470 Car 0 0 -10.0 440.0 169.0 473.0 193.0 0.0 0.0 0.0 0.0 0.0 0.0 -10.0 0.794
33 474 Pedestrian 0 0 -10.0 386.0 163.0 433.0 275.0 0.0 0.0 0.0 0.0 0.0 0.0 -10.0 0.7746
33 483 Pedestrian 0 0 -10.0 350.0 164.0 395.0 275.0 0.0 0.0 0.0 0.0 0.0 0.0 -10.0 0.7157
33 488 Pedestrian 0 0 -10.0 952.0 137.0 1030.0 309.0 0.0 0.0 0.0 0.0 0.0 0.0 -10.0 0.677
33 491 Pedestrian 0 0 -10.0 922.0 140.0 1001.0 303.0 0.0 0.0 0.0 0.0 0.0 0.0 -10.0 0.5778
34 468 Car 0 0 -10.0 0.0 195.0 296.0 363.0 0.0 0.0 0.0 0.0 0.0 0.0 -10.0 0.9373
34 469 Cyclist 0 0 -10.0 972.0 146.0 1010.0 214.0 0.0 0.0 0.0 0.0 0.0 0.0 -10.0 0.3875
34 470 Car 0 0 -10.0 441.0 169.0 473.0 193.0 0.0 0.0 0.0 0.0 0.0 0.0 -10.0 0.7968
34 474 Pedestrian 0 0 -10.0 395.0 163.0 441.0 274.0 0.0 0.0 0.0 0.0 0.0 0.0 -10.0 0.7831
34 483 Pedestrian 0 0 -10.0 357.0 164.0 406.0 275.0 0.0 0.0 0.0 0.0 0.0 0.0 -10.0 0.7344
34 488 Pedestrian 0 0 -10.0 960.0 138.0 1047.0 306.0 0.0 0.0 0.0 0.0 0.0 0.0 -10.0 0.6753
34 491 Pedestrian 0 0 -10.0 938.0 140.0 1025.0 303.0 0.0 0.0 0.0 0.0 0.0 0.0 -10.0 0.5628
35 468 Car 0 0 -10.0 0.0 195.0 296.0 363.0 0.0 0.0 0.0 0.0 0.0 0.0 -10.0 0.9371
35 469 Cyclist 0 0 -10.0 971.0 148.0 1009.0 210.0 0.0 0.0 0.0 0.0 0.0 0.0 -10.0 0.4585
35 470 Car 0 0 -10.0 441.0 169.0 474.0 193.0 0.0 0.0 0.0 0.0 0.0 0.0 -10.0 0.782
35 474 Pedestrian 0 0 -10.0 405.0 164.0 447.0 273.0 0.0 0.0 0.0 0.0 0.0 0.0 -10.0 0.767
35 483 Pedestrian 0 0 -10.0 366.0 166.0 415.0 275.0 0.0 0.0 0.0 0.0 0.0 0.0 -10.0 0.7407
35 488 Pedestrian 0 0 -10.0 974.0 136.0 1059.0 304.0 0.0 0.0 0.0 0.0 0.0 0.0 -10.0 0.7021
35 491 Pedestrian 0 0 -10.0 950.0 140.0 1031.0 303.0 0.0 0.0 0.0 0.0 0.0 0.0 -10.0 0.5469
36 468 Car 0 0 -10.0 0.0 195.0 296.0 363.0 0.0 0.0 0.0 0.0 0.0 0.0 -10.0 0.9374
36 469 Cyclist 0 0 -10.0 974.0 148.0 1010.0 214.0 0.0 0.0 0.0 0.0 0.0 0.0 -10.0 0.6017
36 470 Car 0 0 -10.0 440.0 170.0 474.0 194.0 0.0 0.0 0.0 0.0 0.0 0.0 -10.0 0.7316
36 474 Pedestrian 0 0 -10.0 413.0 165.0 455.0 270.0 0.0 0.0 0.0 0.0 0.0 0.0 -10.0 0.7679
36 483 Pedestrian 0 0 -10.0 378.0 167.0 422.0 273.0 0.0 0.0 0.0 0.0 0.0 0.0 -10.0 0.7716
36 488 Pedestrian 0 0 -10.0 988.0 136.0 1068.0 303.0 0.0 0.0 0.0 0.0 0.0 0.0 -10.0 0.6728
36 491 Pedestrian 0 0 -10.0 969.0 140.0 1044.0 299.0 0.0 0.0 0.0 0.0 0.0 0.0 -10.0 0.5271
37 468 Car 0 0 -10.0 0.0 195.0 296.0 363.0 0.0 0.0 0.0 0.0 0.0 0.0 -10.0 0.9363
37 469 Cyclist 0 0 -10.0 974.0 146.0 1011.0 214.0 0.0 0.0 0.0 0.0 0.0 0.0 -10.0 0.8526
37 470 Car 0 0 -10.0 444.0 169.0 474.0 191.0 0.0 0.0 0.0 0.0 0.0 0.0 -10.0 0.6226
37 474 Pedestrian 0 0 -10.0 421.0 163.0 467.0 272.0 0.0 0.0 0.0 0.0 0.0 0.0 -10.0 0.7368
37 483 Pedestrian 0 0 -10.0 390.0 164.0 433.0 274.0 0.0 0.0 0.0 0.0 0.0 0.0 -10.0 0.8081
37 488 Pedestrian 0 0 -10.0 1001.0 134.0 1079.0 300.0 0.0 0.0 0.0 0.0 0.0 0.0 -10.0 0.6524
37 491 Pedestrian 0 0 -10.0 984.0 139.0 1056.0 298.0 0.0 0.0 0.0 0.0 0.0 0.0 -10.0 0.504
38 468 Car 0 0 -10.0 0.0 195.0 296.0 363.0 0.0 0.0 0.0 0.0 0.0 0.0 -10.0 0.9353
38 469 Cyclist 0 0 -10.0 975.0 145.0 1012.0 214.0 0.0 0.0 0.0 0.0 0.0 0.0 -10.0 0.8774
38 470 Car 0 0 -10.0 448.0 170.0 477.0 191.0 0.0 0.0 0.0 0.0 0.0 0.0 -10.0 0.3097
38 474 Pedestrian 0 0 -10.0 428.0 164.0 472.0 273.0 0.0 0.0 0.0 0.0 0.0 0.0 -10.0 0.7255
38 483 Pedestrian 0 0 -10.0 398.0 165.0 444.0 275.0 0.0 0.0 0.0 0.0 0.0 0.0 -10.0 0.7162
38 488 Pedestrian 0 0 -10.0 1016.0 132.0 1094.0 297.0 0.0 0.0 0.0 0.0 0.0 0.0 -10.0 0.6787
38 491 Pedestrian 0 0 -10.0 1003.0 137.0 1075.0 293.0 0.0 0.0 0.0 0.0 0.0 0.0 -10.0 0.5221
39 468 Car 0 0 -10.0 0.0 195.0 297.0 363.0 0.0 0.0 0.0 0.0 0.0 0.0 -10.0 0.9366
39 469 Cyclist 0 0 -10.0 976.0 145.0 1012.0 213.0 0.0 0.0 0.0 0.0 0.0 0.0 -10.0 0.8888
39 470 Car 0 0 -10.0 441.0 171.0 474.0 194.0 0.0 0.0 0.0 0.0 0.0 0.0 -10.0 0.5104
39 474 Pedestrian 0 0 -10.0 436.0 163.0 478.0 274.0 0.0 0.0 0.0 0.0 0.0 0.0 -10.0 0.7068
39 483 Pedestrian 0 0 -10.0 405.0 164.0 455.0 276.0 0.0 0.0 0.0 0.0 0.0 0.0 -10.0 0.7707
39 488 Pedestrian 0 0 -10.0 1034.0 132.0 1117.0 296.0 0.0 0.0 0.0 0.0 0.0 0.0 -10.0 0.7104
39 491 Pedestrian 0 0 -10.0 1014.0 137.0 1088.0 293.0 0.0 0.0 0.0 0.0 0.0 0.0 -10.0 0.4707
40 468 Car 0 0 -10.0 0.0 195.0 297.0 363.0 0.0 0.0 0.0 0.0 0.0 0.0 -10.0 0.9369
40 469 Cyclist 0 0 -10.0 977.0 144.0 1013.0 213.0 0.0 0.0 0.0 0.0 0.0 0.0 -10.0 0.8981
40 470 Car 0 0 -10.0 442.0 169.0 476.0 193.0 0.0 0.0 0.0 0.0 0.0 0.0 -10.0 0.5956
40 474 Pedestrian 0 0 -10.0 447.0 164.0 490.0 272.0 0.0 0.0 0.0 0.0 0.0 0.0 -10.0 0.6332
40 483 Pedestrian 0 0 -10.0 412.0 164.0 464.0 277.0 0.0 0.0 0.0 0.0 0.0 0.0 -10.0 0.7259
40 488 Pedestrian 0 0 -10.0 1044.0 129.0 1133.0 296.0 0.0 0.0 0.0 0.0 0.0 0.0 -10.0 0.7784
40 491 Pedestrian 0 0 -10.0 1020.0 134.0 1093.0 287.0 0.0 0.0 0.0 0.0 0.0 0.0 -10.0 0.322
41 468 Car 0 0 -10.0 0.0 195.0 297.0 363.0 0.0 0.0 0.0 0.0 0.0 0.0 -10.0 0.9363
41 469 Cyclist 0 0 -10.0 977.0 144.0 1013.0 212.0 0.0 0.0 0.0 0.0 0.0 0.0 -10.0 0.9005
41 470 Car 0 0 -10.0 446.0 169.0 478.0 193.0 0.0 0.0 0.0 0.0 0.0 0.0 -10.0 0.5249
41 474 Pedestrian 0 0 -10.0 454.0 161.0 501.0 274.0 0.0 0.0 0.0 0.0 0.0 0.0 -10.0 0.6597
41 483 Pedestrian 0 0 -10.0 425.0 162.0 475.0 275.0 0.0 0.0 0.0 0.0 0.0 0.0 -10.0 0.7119
41 488 Pedestrian 0 0 -10.0 1057.0 127.0 1148.0 294.0 0.0 0.0 0.0 0.0 0.0 0.0 -10.0 0.7012
41 491 Pedestrian 0 0 -10.0 1034.0 131.0 1112.0 290.0 0.0 0.0 0.0 0.0 0.0 0.0 -10.0 0.4865
42 468 Car 0 0 -10.0 0.0 196.0 296.0 363.0 0.0 0.0 0.0 0.0 0.0 0.0 -10.0 0.9364
42 469 Cyclist 0 0 -10.0 977.0 143.0 1013.0 212.0 0.0 0.0 0.0 0.0 0.0 0.0 -10.0 0.9012
42 470 Car 0 0 -10.0 442.0 168.0 476.0 191.0 0.0 0.0 0.0 0.0 0.0 0.0 -10.0 0.6573
42 474 Pedestrian 0 0 -10.0 460.0 161.0 508.0 275.0 0.0 0.0 0.0 0.0 0.0 0.0 -10.0 0.7038
42 483 Pedestrian 0 0 -10.0 436.0 161.0 482.0 275.0 0.0 0.0 0.0 0.0 0.0 0.0 -10.0 0.7898
42 488 Pedestrian 0 0 -10.0 1069.0 122.0 1157.0 295.0 0.0 0.0 0.0 0.0 0.0 0.0 -10.0 0.7502
42 491 Pedestrian 0 0 -10.0 1047.0 130.0 1123.0 286.0 0.0 0.0 0.0 0.0 0.0 0.0 -10.0 0.3291
43 468 Car 0 0 -10.0 0.0 195.0 296.0 363.0 0.0 0.0 0.0 0.0 0.0 0.0 -10.0 0.9354
43 469 Cyclist 0 0 -10.0 977.0 143.0 1013.0 212.0 0.0 0.0 0.0 0.0 0.0 0.0 -10.0 0.8993
43 470 Car 0 0 -10.0 442.0 169.0 476.0 191.0 0.0 0.0 0.0 0.0 0.0 0.0 -10.0 0.7626
43 474 Pedestrian 0 0 -10.0 469.0 162.0 516.0 275.0 0.0 0.0 0.0 0.0 0.0 0.0 -10.0 0.6625
43 483 Pedestrian 0 0 -10.0 443.0 164.0 494.0 275.0 0.0 0.0 0.0 0.0 0.0 0.0 -10.0 0.7259
43 488 Pedestrian 0 0 -10.0 1077.0 124.0 1163.0 295.0 0.0 0.0 0.0 0.0 0.0 0.0 -10.0 0.6361
43 491 Pedestrian 0 0 -10.0 1055.0 131.0 1129.0 288.0 0.0 0.0 0.0 0.0 0.0 0.0 -10.0 0.525
44 468 Car 0 0 -10.0 0.0 195.0 297.0 363.0 0.0 0.0 0.0 0.0 0.0 0.0 -10.0 0.9357
44 469 Cyclist 0 0 -10.0 977.0 143.0 1013.0 212.0 0.0 0.0 0.0 0.0 0.0 0.0 -10.0 0.9007
44 470 Car 0 0 -10.0 441.0 169.0 474.0 192.0 0.0 0.0 0.0 0.0 0.0 0.0 -10.0 0.7821
44 474 Pedestrian 0 0 -10.0 476.0 161.0 520.0 274.0 0.0 0.0 0.0 0.0 0.0 0.0 -10.0 0.6324
44 483 Pedestrian 0 0 -10.0 449.0 166.0 499.0 274.0 0.0 0.0 0.0 0.0 0.0 0.0 -10.0 0.6621
44 488 Pedestrian 0 0 -10.0 1093.0 122.0 1177.0 295.0 0.0 0.0 0.0 0.0 0.0 0.0 -10.0 0.584
44 491 Pedestrian 0 0 -10.0 1070.0 129.0 1156.0 292.0 0.0 0.0 0.0 0.0 0.0 0.0 -10.0 0.6145
45 468 Car 0 0 -10.0 0.0 195.0 296.0 363.0 0.0 0.0 0.0 0.0 0.0 0.0 -10.0 0.9349
45 469 Cyclist 0 0 -10.0 977.0 143.0 1013.0 212.0 0.0 0.0 0.0 0.0 0.0 0.0 -10.0 0.898
45 470 Car 0 0 -10.0 440.0 169.0 473.0 193.0 0.0 0.0 0.0 0.0 0.0 0.0 -10.0 0.7976
45 474 Pedestrian 0 0 -10.0 482.0 161.0 524.0 272.0 0.0 0.0 0.0 0.0 0.0 0.0 -10.0 0.698
45 483 Pedestrian 0 0 -10.0 459.0 165.0 507.0 275.0 0.0 0.0 0.0 0.0 0.0 0.0 -10.0 0.6806
45 488 Pedestrian 0 0 -10.0 1110.0 119.0 1202.0 294.0 0.0 0.0 0.0 0.0 0.0 0.0 -10.0 0.669
45 491 Pedestrian 0 0 -10.0 1080.0 128.0 1163.0 292.0 0.0 0.0 0.0 0.0 0.0 0.0 -10.0 0.4991
46 468 Car 0 0 -10.0 0.0 195.0 297.0 363.0 0.0 0.0 0.0 0.0 0.0 0.0 -10.0 0.9359
46 469 Cyclist 0 0 -10.0 976.0 143.0 1014.0 212.0 0.0 0.0 0.0 0.0 0.0 0.0 -10.0 0.8976
46 470 Car 0 0 -10.0 440.0 169.0 473.0 193.0 0.0 0.0 0.0 0.0 0.0 0.0 -10.0 0.8044
46 474 Pedestrian 0 0 -10.0 488.0 162.0 533.0 270.0 0.0 0.0 0.0 0.0 0.0 0.0 -10.0 0.5375
46 488 Pedestrian 0 0 -10.0 1118.0 119.0 1216.0 296.0 0.0 0.0 0.0 0.0 0.0 0.0 -10.0 0.7233
46 491 Pedestrian 0 0 -10.0 1096.0 126.0 1174.0 291.0 0.0 0.0 0.0 0.0 0.0 0.0 -10.0 0.3971
47 468 Car 0 0 -10.0 0.0 195.0 297.0 363.0 0.0 0.0 0.0 0.0 0.0 0.0 -10.0 0.9347
47 469 Cyclist 0 0 -10.0 976.0 143.0 1014.0 212.0 0.0 0.0 0.0 0.0 0.0 0.0 -10.0 0.898
47 470 Car 0 0 -10.0 440.0 169.0 473.0 193.0 0.0 0.0 0.0 0.0 0.0 0.0 -10.0 0.8128
47 474 Pedestrian 0 0 -10.0 499.0 162.0 547.0 272.0 0.0 0.0 0.0 0.0 0.0 0.0 -10.0 0.6447
47 488 Pedestrian 0 0 -10.0 1126.0 119.0 1222.0 291.0 0.0 0.0 0.0 0.0 0.0 0.0 -10.0 0.629
47 491 Pedestrian 0 0 -10.0 1114.0 125.0 1190.0 289.0 0.0 0.0 0.0 0.0 0.0 0.0 -10.0 0.3809
48 468 Car 0 0 -10.0 0.0 195.0 297.0 363.0 0.0 0.0 0.0 0.0 0.0 0.0 -10.0 0.9374
48 469 Cyclist 0 0 -10.0 976.0 143.0 1014.0 212.0 0.0 0.0 0.0 0.0 0.0 0.0 -10.0 0.8977
48 470 Car 0 0 -10.0 440.0 169.0 473.0 193.0 0.0 0.0 0.0 0.0 0.0 0.0 -10.0 0.8103
48 474 Pedestrian 0 0 -10.0 506.0 162.0 552.0 270.0 0.0 0.0 0.0 0.0 0.0 0.0 -10.0 0.6199
48 488 Pedestrian 0 0 -10.0 1140.0 125.0 1224.0 288.0 0.0 0.0 0.0 0.0 0.0 0.0 -10.0 0.5392
48 491 Pedestrian 0 0 -10.0 1122.0 127.0 1198.0 286.0 0.0 0.0 0.0 0.0 0.0 0.0 -10.0 0.5433
48 483 Pedestrian 0 0 -10.0 485.0 167.0 532.0 274.0 0.0 0.0 0.0 0.0 0.0 0.0 -10.0 0.2646
49 468 Car 0 0 -10.0 0.0 195.0 296.0 363.0 0.0 0.0 0.0 0.0 0.0 0.0 -10.0 0.9347
49 469 Cyclist 0 0 -10.0 976.0 144.0 1014.0 212.0 0.0 0.0 0.0 0.0 0.0 0.0 -10.0 0.9002
49 470 Car 0 0 -10.0 440.0 169.0 473.0 193.0 0.0 0.0 0.0 0.0 0.0 0.0 -10.0 0.8111
49 474 Pedestrian 0 0 -10.0 514.0 163.0 562.0 270.0 0.0 0.0 0.0 0.0 0.0 0.0 -10.0 0.1835
49 491 Pedestrian 0 0 -10.0 1120.0 128.0 1205.0 285.0 0.0 0.0 0.0 0.0 0.0 0.0 -10.0 0.7509
49 483 Pedestrian 0 0 -10.0 493.0 168.0 535.0 274.0 0.0 0.0 0.0 0.0 0.0 0.0 -10.0 0.161
50 468 Car 0 0 -10.0 0.0 195.0 297.0 363.0 0.0 0.0 0.0 0.0 0.0 0.0 -10.0 0.9358
50 469 Cyclist 0 0 -10.0 976.0 144.0 1014.0 212.0 0.0 0.0 0.0 0.0 0.0 0.0 -10.0 0.8981
50 470 Car 0 0 -10.0 440.0 169.0 473.0 193.0 0.0 0.0 0.0 0.0 0.0 0.0 -10.0 0.8108
50 474 Pedestrian 0 0 -10.0 525.0 161.0 571.0 268.0 0.0 0.0 0.0 0.0 0.0 0.0 -10.0 0.5911
50 491 Pedestrian 0 0 -10.0 1121.0 128.0 1215.0 285.0 0.0 0.0 0.0 0.0 0.0 0.0 -10.0 0.7345
51 468 Car 0 0 -10.0 0.0 195.0 297.0 363.0 0.0 0.0 0.0 0.0 0.0 0.0 -10.0 0.9346
51 469 Cyclist 0 0 -10.0 976.0 143.0 1014.0 212.0 0.0 0.0 0.0 0.0 0.0 0.0 -10.0 0.8988
51 470 Car 0 0 -10.0 440.0 169.0 473.0 193.0 0.0 0.0 0.0 0.0 0.0 0.0 -10.0 0.8091
51 474 Pedestrian 0 0 -10.0 534.0 160.0 586.0 270.0 0.0 0.0 0.0 0.0 0.0 0.0 -10.0 0.6171
51 491 Pedestrian 0 0 -10.0 1128.0 124.0 1220.0 283.0 0.0 0.0 0.0 0.0 0.0 0.0 -10.0 0.6633
51 483 Pedestrian 0 0 -10.0 513.0 165.0 557.0 272.0 0.0 0.0 0.0 0.0 0.0 0.0 -10.0 0.4797
52 468 Car 0 0 -10.0 0.0 195.0 297.0 363.0 0.0 0.0 0.0 0.0 0.0 0.0 -10.0 0.9382
52 469 Cyclist 0 0 -10.0 977.0 143.0 1014.0 212.0 0.0 0.0 0.0 0.0 0.0 0.0 -10.0 0.8978
52 470 Car 0 0 -10.0 440.0 169.0 473.0 193.0 0.0 0.0 0.0 0.0 0.0 0.0 -10.0 0.8059
52 474 Pedestrian 0 0 -10.0 544.0 161.0 593.0 269.0 0.0 0.0 0.0 0.0 0.0 0.0 -10.0 0.2365
52 491 Pedestrian 0 0 -10.0 1141.0 121.0 1223.0 278.0 0.0 0.0 0.0 0.0 0.0 0.0 -10.0 0.6763
52 483 Pedestrian 0 0 -10.0 520.0 165.0 560.0 273.0 0.0 0.0 0.0 0.0 0.0 0.0 -10.0 0.1436
53 468 Car 0 0 -10.0 0.0 195.0 297.0 363.0 0.0 0.0 0.0 0.0 0.0 0.0 -10.0 0.9364
53 469 Cyclist 0 0 -10.0 977.0 143.0 1014.0 212.0 0.0 0.0 0.0 0.0 0.0 0.0 -10.0 0.8983
53 470 Car 0 0 -10.0 440.0 169.0 473.0 193.0 0.0 0.0 0.0 0.0 0.0 0.0 -10.0 0.8076
53 474 Pedestrian 0 0 -10.0 551.0 161.0 599.0 269.0 0.0 0.0 0.0 0.0 0.0 0.0 -10.0 0.3519
54 468 Car 0 0 -10.0 0.0 195.0 297.0 363.0 0.0 0.0 0.0 0.0 0.0 0.0 -10.0 0.9375
54 469 Cyclist 0 0 -10.0 977.0 144.0 1014.0 212.0 0.0 0.0 0.0 0.0 0.0 0.0 -10.0 0.8983
54 470 Car 0 0 -10.0 440.0 169.0 473.0 193.0 0.0 0.0 0.0 0.0 0.0 0.0 -10.0 0.8104
54 474 Pedestrian 0 0 -10.0 557.0 160.0 604.0 268.0 0.0 0.0 0.0 0.0 0.0 0.0 -10.0 0.432
55 468 Car 0 0 -10.0 0.0 195.0 297.0 363.0 0.0 0.0 0.0 0.0 0.0 0.0 -10.0 0.9371
55 469 Cyclist 0 0 -10.0 977.0 144.0 1014.0 212.0 0.0 0.0 0.0 0.0 0.0 0.0 -10.0 0.8987
55 470 Car 0 0 -10.0 440.0 169.0 473.0 193.0 0.0 0.0 0.0 0.0 0.0 0.0 -10.0 0.8106
55 474 Pedestrian 0 0 -10.0 565.0 160.0 609.0 268.0 0.0 0.0 0.0 0.0 0.0 0.0 -10.0 0.2135
56 468 Car 0 0 -10.0 0.0 195.0 297.0 363.0 0.0 0.0 0.0 0.0 0.0 0.0 -10.0 0.9376
56 469 Cyclist 0 0 -10.0 977.0 144.0 1014.0 212.0 0.0 0.0 0.0 0.0 0.0 0.0 -10.0 0.8982
56 470 Car 0 0 -10.0 440.0 169.0 473.0 193.0 0.0 0.0 0.0 0.0 0.0 0.0 -10.0 0.8137
56 474 Pedestrian 0 0 -10.0 573.0 160.0 614.0 268.0 0.0 0.0 0.0 0.0 0.0 0.0 -10.0 0.1783
57 468 Car 0 0 -10.0 0.0 195.0 297.0 363.0 0.0 0.0 0.0 0.0 0.0 0.0 -10.0 0.9385
57 469 Cyclist 0 0 -10.0 977.0 144.0 1014.0 212.0 0.0 0.0 0.0 0.0 0.0 0.0 -10.0 0.8997
57 470 Car 0 0 -10.0 440.0 169.0 473.0 193.0 0.0 0.0 0.0 0.0 0.0 0.0 -10.0 0.8115
57 518 Pedestrian 0 0 -10.0 0.0 168.0 23.0 265.0 0.0 0.0 0.0 0.0 0.0 0.0 -10.0 0.5076
58 468 Car 0 0 -10.0 0.0 195.0 297.0 363.0 0.0 0.0 0.0 0.0 0.0 0.0 -10.0 0.9386
58 469 Cyclist 0 0 -10.0 977.0 144.0 1014.0 212.0 0.0 0.0 0.0 0.0 0.0 0.0 -10.0 0.8969
58 470 Car 0 0 -10.0 440.0 169.0 473.0 193.0 0.0 0.0 0.0 0.0 0.0 0.0 -10.0 0.8065
58 518 Pedestrian 0 0 -10.0 0.0 169.0 24.0 268.0 0.0 0.0 0.0 0.0 0.0 0.0 -10.0 0.5604
59 468 Car 0 0 -10.0 0.0 196.0 297.0 363.0 0.0 0.0 0.0 0.0 0.0 0.0 -10.0 0.9378
59 469 Cyclist 0 0 -10.0 977.0 144.0 1014.0 212.0 0.0 0.0 0.0 0.0 0.0 0.0 -10.0 0.898
59 470 Car 0 0 -10.0 440.0 169.0 473.0 193.0 0.0 0.0 0.0 0.0 0.0 0.0 -10.0 0.8103
59 518 Pedestrian 0 0 -10.0 0.0 169.0 27.0 268.0 0.0 0.0 0.0 0.0 0.0 0.0 -10.0 0.5257
60 468 Car 0 0 -10.0 0.0 196.0 297.0 363.0 0.0 0.0 0.0 0.0 0.0 0.0 -10.0 0.9378
60 469 Cyclist 0 0 -10.0 977.0 144.0 1014.0 212.0 0.0 0.0 0.0 0.0 0.0 0.0 -10.0 0.9002
60 470 Car 0 0 -10.0 440.0 169.0 473.0 193.0 0.0 0.0 0.0 0.0 0.0 0.0 -10.0 0.8079
60 518 Pedestrian 0 0 -10.0 0.0 169.0 30.0 269.0 0.0 0.0 0.0 0.0 0.0 0.0 -10.0 0.4583
61 468 Car 0 0 -10.0 0.0 196.0 297.0 363.0 0.0 0.0 0.0 0.0 0.0 0.0 -10.0 0.9341
61 469 Cyclist 0 0 -10.0 977.0 144.0 1014.0 212.0 0.0 0.0 0.0 0.0 0.0 0.0 -10.0 0.9
61 470 Car 0 0 -10.0 440.0 169.0 473.0 193.0 0.0 0.0 0.0 0.0 0.0 0.0 -10.0 0.8088
61 518 Pedestrian 0 0 -10.0 0.0 171.0 33.0 269.0 0.0 0.0 0.0 0.0 0.0 0.0 -10.0 0.4232
62 468 Car 0 0 -10.0 0.0 196.0 297.0 363.0 0.0 0.0 0.0 0.0 0.0 0.0 -10.0 0.937
62 469 Cyclist 0 0 -10.0 977.0 144.0 1014.0 212.0 0.0 0.0 0.0 0.0 0.0 0.0 -10.0 0.8982
62 470 Car 0 0 -10.0 440.0 169.0 473.0 193.0 0.0 0.0 0.0 0.0 0.0 0.0 -10.0 0.8077
62 518 Pedestrian 0 0 -10.0 0.0 173.0 36.0 268.0 0.0 0.0 0.0 0.0 0.0 0.0 -10.0 0.2398
63 468 Car 0 0 -10.0 0.0 197.0 297.0 363.0 0.0 0.0 0.0 0.0 0.0 0.0 -10.0 0.9386
63 469 Cyclist 0 0 -10.0 977.0 144.0 1014.0 212.0 0.0 0.0 0.0 0.0 0.0 0.0 -10.0 0.8973
63 470 Car 0 0 -10.0 440.0 169.0 473.0 193.0 0.0 0.0 0.0 0.0 0.0 0.0 -10.0 0.8108
63 518 Pedestrian 0 0 -10.0 2.0 175.0 41.0 268.0 0.0 0.0 0.0 0.0 0.0 0.0 -10.0 0.4595
64 468 Car 0 0 -10.0 0.0 197.0 297.0 363.0 0.0 0.0 0.0 0.0 0.0 0.0 -10.0 0.9399
64 469 Cyclist 0 0 -10.0 977.0 143.0 1014.0 212.0 0.0 0.0 0.0 0.0 0.0 0.0 -10.0 0.8996
64 470 Car 0 0 -10.0 440.0 169.0 473.0 193.0 0.0 0.0 0.0 0.0 0.0 0.0 -10.0 0.8094
64 518 Pedestrian 0 0 -10.0 7.0 173.0 47.0 267.0 0.0 0.0 0.0 0.0 0.0 0.0 -10.0 0.333
65 468 Car 0 0 -10.0 0.0 197.0 297.0 363.0 0.0 0.0 0.0 0.0 0.0 0.0 -10.0 0.9377
65 469 Cyclist 0 0 -10.0 977.0 144.0 1014.0 212.0 0.0 0.0 0.0 0.0 0.0 0.0 -10.0 0.8975
65 470 Car 0 0 -10.0 440.0 169.0 473.0 193.0 0.0 0.0 0.0 0.0 0.0 0.0 -10.0 0.8089
65 518 Pedestrian 0 0 -10.0 11.0 173.0 50.0 266.0 0.0 0.0 0.0 0.0 0.0 0.0 -10.0 0.4331
66 468 Car 0 0 -10.0 0.0 197.0 297.0 363.0 0.0 0.0 0.0 0.0 0.0 0.0 -10.0 0.9395
66 469 Cyclist 0 0 -10.0 977.0 143.0 1014.0 212.0 0.0 0.0 0.0 0.0 0.0 0.0 -10.0 0.8988
66 470 Car 0 0 -10.0 440.0 169.0 473.0 193.0 0.0 0.0 0.0 0.0 0.0 0.0 -10.0 0.809
66 518 Pedestrian 0 0 -10.0 13.0 175.0 52.0 266.0 0.0 0.0 0.0 0.0 0.0 0.0 -10.0 0.4952
67 468 Car 0 0 -10.0 0.0 197.0 297.0 363.0 0.0 0.0 0.0 0.0 0.0 0.0 -10.0 0.9384
67 469 Cyclist 0 0 -10.0 977.0 144.0 1014.0 212.0 0.0 0.0 0.0 0.0 0.0 0.0 -10.0 0.897
67 470 Car 0 0 -10.0 439.0 169.0 473.0 193.0 0.0 0.0 0.0 0.0 0.0 0.0 -10.0 0.8081
67 518 Pedestrian 0 0 -10.0 15.0 176.0 52.0 264.0 0.0 0.0 0.0 0.0 0.0 0.0 -10.0 0.4386
68 468 Car 0 0 -10.0 0.0 198.0 297.0 363.0 0.0 0.0 0.0 0.0 0.0 0.0 -10.0 0.9395
68 469 Cyclist 0 0 -10.0 977.0 143.0 1014.0 212.0 0.0 0.0 0.0 0.0 0.0 0.0 -10.0 0.8966
68 470 Car 0 0 -10.0 439.0 169.0 473.0 193.0 0.0 0.0 0.0 0.0 0.0 0.0 -10.0 0.8116
68 518 Pedestrian 0 0 -10.0 18.0 176.0 53.0 264.0 0.0 0.0 0.0 0.0 0.0 0.0 -10.0 0.4844
69 468 Car 0 0 -10.0 0.0 198.0 297.0 363.0 0.0 0.0 0.0 0.0 0.0 0.0 -10.0 0.9384
69 469 Cyclist 0 0 -10.0 977.0 143.0 1014.0 212.0 0.0 0.0 0.0 0.0 0.0 0.0 -10.0 0.8995
69 470 Car 0 0 -10.0 439.0 169.0 473.0 193.0 0.0 0.0 0.0 0.0 0.0 0.0 -10.0 0.8106
69 518 Pedestrian 0 0 -10.0 20.0 174.0 55.0 267.0 0.0 0.0 0.0 0.0 0.0 0.0 -10.0 0.472
70 468 Car 0 0 -10.0 0.0 197.0 297.0 363.0 0.0 0.0 0.0 0.0 0.0 0.0 -10.0 0.9387
70 469 Cyclist 0 0 -10.0 977.0 143.0 1014.0 212.0 0.0 0.0 0.0 0.0 0.0 0.0 -10.0 0.9007
70 470 Car 0 0 -10.0 439.0 169.0 473.0 194.0 0.0 0.0 0.0 0.0 0.0 0.0 -10.0 0.8045
70 518 Pedestrian 0 0 -10.0 20.0 174.0 55.0 267.0 0.0 0.0 0.0 0.0 0.0 0.0 -10.0 0.4408
71 468 Car 0 0 -10.0 0.0 197.0 297.0 363.0 0.0 0.0 0.0 0.0 0.0 0.0 -10.0 0.9378
71 469 Cyclist 0 0 -10.0 977.0 143.0 1014.0 212.0 0.0 0.0 0.0 0.0 0.0 0.0 -10.0 0.8992
71 470 Car 0 0 -10.0 438.0 169.0 473.0 194.0 0.0 0.0 0.0 0.0 0.0 0.0 -10.0 0.8046
71 518 Pedestrian 0 0 -10.0 20.0 174.0 55.0 268.0 0.0 0.0 0.0 0.0 0.0 0.0 -10.0 0.2006
72 468 Car 0 0 -10.0 0.0 197.0 297.0 363.0 0.0 0.0 0.0 0.0 0.0 0.0 -10.0 0.94
72 469 Cyclist 0 0 -10.0 977.0 144.0 1014.0 212.0 0.0 0.0 0.0 0.0 0.0 0.0 -10.0 0.8982
72 470 Car 0 0 -10.0 438.0 169.0 473.0 194.0 0.0 0.0 0.0 0.0 0.0 0.0 -10.0 0.8072
72 518 Pedestrian 0 0 -10.0 16.0 175.0 55.0 266.0 0.0 0.0 0.0 0.0 0.0 0.0 -10.0 0.2838
73 468 Car 0 0 -10.0 0.0 197.0 297.0 363.0 0.0 0.0 0.0 0.0 0.0 0.0 -10.0 0.94
73 469 Cyclist 0 0 -10.0 977.0 144.0 1014.0 212.0 0.0 0.0 0.0 0.0 0.0 0.0 -10.0 0.8962
73 470 Car 0 0 -10.0 438.0 169.0 473.0 194.0 0.0 0.0 0.0 0.0 0.0 0.0 -10.0 0.8069
73 518 Pedestrian 0 0 -10.0 18.0 174.0 55.0 268.0 0.0 0.0 0.0 0.0 0.0 0.0 -10.0 0.4954
74 468 Car 0 0 -10.0 0.0 197.0 297.0 363.0 0.0 0.0 0.0 0.0 0.0 0.0 -10.0 0.9386
74 469 Cyclist 0 0 -10.0 977.0 144.0 1014.0 212.0 0.0 0.0 0.0 0.0 0.0 0.0 -10.0 0.8979
74 470 Car 0 0 -10.0 438.0 169.0 473.0 194.0 0.0 0.0 0.0 0.0 0.0 0.0 -10.0 0.8119
74 518 Pedestrian 0 0 -10.0 17.0 174.0 54.0 266.0 0.0 0.0 0.0 0.0 0.0 0.0 -10.0 0.4915
75 468 Car 0 0 -10.0 0.0 197.0 297.0 363.0 0.0 0.0 0.0 0.0 0.0 0.0 -10.0 0.9404
75 469 Cyclist 0 0 -10.0 977.0 144.0 1014.0 212.0 0.0 0.0 0.0 0.0 0.0 0.0 -10.0 0.8976
75 470 Car 0 0 -10.0 438.0 169.0 473.0 194.0 0.0 0.0 0.0 0.0 0.0 0.0 -10.0 0.8122
75 518 Pedestrian 0 0 -10.0 15.0 173.0 54.0 265.0 0.0 0.0 0.0 0.0 0.0 0.0 -10.0 0.3159
76 468 Car 0 0 -10.0 0.0 197.0 297.0 363.0 0.0 0.0 0.0 0.0 0.0 0.0 -10.0 0.9388
76 469 Cyclist 0 0 -10.0 977.0 144.0 1014.0 212.0 0.0 0.0 0.0 0.0 0.0 0.0 -10.0 0.9008
76 470 Car 0 0 -10.0 438.0 169.0 473.0 194.0 0.0 0.0 0.0 0.0 0.0 0.0 -10.0 0.8103
76 518 Pedestrian 0 0 -10.0 10.0 173.0 53.0 267.0 0.0 0.0 0.0 0.0 0.0 0.0 -10.0 0.1771
77 468 Car 0 0 -10.0 0.0 197.0 297.0 363.0 0.0 0.0 0.0 0.0 0.0 0.0 -10.0 0.9389
77 469 Cyclist 0 0 -10.0 977.0 144.0 1014.0 212.0 0.0 0.0 0.0 0.0 0.0 0.0 -10.0 0.8983
77 470 Car 0 0 -10.0 437.0 169.0 473.0 194.0 0.0 0.0 0.0 0.0 0.0 0.0 -10.0 0.8062
78 468 Car 0 0 -10.0 0.0 197.0 297.0 363.0 0.0 0.0 0.0 0.0 0.0 0.0 -10.0 0.9373
78 469 Cyclist 0 0 -10.0 977.0 144.0 1014.0 212.0 0.0 0.0 0.0 0.0 0.0 0.0 -10.0 0.8987
78 470 Car 0 0 -10.0 437.0 169.0 472.0 194.0 0.0 0.0 0.0 0.0 0.0 0.0 -10.0 0.8102
79 468 Car 0 0 -10.0 0.0 197.0 297.0 363.0 0.0 0.0 0.0 0.0 0.0 0.0 -10.0 0.938
79 469 Cyclist 0 0 -10.0 977.0 144.0 1014.0 212.0 0.0 0.0 0.0 0.0 0.0 0.0 -10.0 0.8958
79 470 Car 0 0 -10.0 437.0 169.0 472.0 194.0 0.0 0.0 0.0 0.0 0.0 0.0 -10.0 0.8121
80 468 Car 0 0 -10.0 0.0 196.0 297.0 363.0 0.0 0.0 0.0 0.0 0.0 0.0 -10.0 0.9386
80 469 Cyclist 0 0 -10.0 977.0 144.0 1014.0 212.0 0.0 0.0 0.0 0.0 0.0 0.0 -10.0 0.8991
80 470 Car 0 0 -10.0 436.0 169.0 472.0 195.0 0.0 0.0 0.0 0.0 0.0 0.0 -10.0 0.8104
81 468 Car 0 0 -10.0 0.0 196.0 297.0 363.0 0.0 0.0 0.0 0.0 0.0 0.0 -10.0 0.9358
81 469 Cyclist 0 0 -10.0 977.0 144.0 1014.0 212.0 0.0 0.0 0.0 0.0 0.0 0.0 -10.0 0.896
81 470 Car 0 0 -10.0 436.0 169.0 472.0 195.0 0.0 0.0 0.0 0.0 0.0 0.0 -10.0 0.8224
82 468 Car 0 0 -10.0 0.0 196.0 297.0 363.0 0.0 0.0 0.0 0.0 0.0 0.0 -10.0 0.9382
82 469 Cyclist 0 0 -10.0 977.0 144.0 1014.0 212.0 0.0 0.0 0.0 0.0 0.0 0.0 -10.0 0.8998
82 470 Car 0 0 -10.0 435.0 169.0 472.0 195.0 0.0 0.0 0.0 0.0 0.0 0.0 -10.0 0.8419
83 468 Car 0 0 -10.0 0.0 196.0 297.0 363.0 0.0 0.0 0.0 0.0 0.0 0.0 -10.0 0.9369
83 469 Cyclist 0 0 -10.0 977.0 144.0 1014.0 212.0 0.0 0.0 0.0 0.0 0.0 0.0 -10.0 0.8975
83 470 Car 0 0 -10.0 435.0 169.0 472.0 196.0 0.0 0.0 0.0 0.0 0.0 0.0 -10.0 0.837
84 468 Car 0 0 -10.0 0.0 196.0 297.0 363.0 0.0 0.0 0.0 0.0 0.0 0.0 -10.0 0.9368
84 469 Cyclist 0 0 -10.0 977.0 144.0 1014.0 212.0 0.0 0.0 0.0 0.0 0.0 0.0 -10.0 0.8981
84 470 Car 0 0 -10.0 434.0 169.0 472.0 196.0 0.0 0.0 0.0 0.0 0.0 0.0 -10.0 0.8384
85 468 Car 0 0 -10.0 0.0 196.0 297.0 363.0 0.0 0.0 0.0 0.0 0.0 0.0 -10.0 0.9357
85 469 Cyclist 0 0 -10.0 977.0 144.0 1014.0 212.0 0.0 0.0 0.0 0.0 0.0 0.0 -10.0 0.8967
85 470 Car 0 0 -10.0 433.0 169.0 472.0 196.0 0.0 0.0 0.0 0.0 0.0 0.0 -10.0 0.8426
86 468 Car 0 0 -10.0 0.0 196.0 297.0 363.0 0.0 0.0 0.0 0.0 0.0 0.0 -10.0 0.937
86 469 Cyclist 0 0 -10.0 977.0 144.0 1014.0 212.0 0.0 0.0 0.0 0.0 0.0 0.0 -10.0 0.8961
86 470 Car 0 0 -10.0 432.0 169.0 471.0 196.0 0.0 0.0 0.0 0.0 0.0 0.0 -10.0 0.842
87 468 Car 0 0 -10.0 0.0 196.0 297.0 363.0 0.0 0.0 0.0 0.0 0.0 0.0 -10.0 0.9356
87 469 Cyclist 0 0 -10.0 977.0 143.0 1014.0 212.0 0.0 0.0 0.0 0.0 0.0 0.0 -10.0 0.8973
87 470 Car 0 0 -10.0 432.0 169.0 471.0 197.0 0.0 0.0 0.0 0.0 0.0 0.0 -10.0 0.8444
88 468 Car 0 0 -10.0 0.0 195.0 297.0 363.0 0.0 0.0 0.0 0.0 0.0 0.0 -10.0 0.9362
88 469 Cyclist 0 0 -10.0 977.0 144.0 1014.0 212.0 0.0 0.0 0.0 0.0 0.0 0.0 -10.0 0.8945
88 470 Car 0 0 -10.0 432.0 169.0 471.0 197.0 0.0 0.0 0.0 0.0 0.0 0.0 -10.0 0.8427
89 468 Car 0 0 -10.0 0.0 196.0 297.0 363.0 0.0 0.0 0.0 0.0 0.0 0.0 -10.0 0.9358
89 469 Cyclist 0 0 -10.0 977.0 144.0 1014.0 212.0 0.0 0.0 0.0 0.0 0.0 0.0 -10.0 0.8961
89 470 Car 0 0 -10.0 431.0 169.0 471.0 197.0 0.0 0.0 0.0 0.0 0.0 0.0 -10.0 0.8506
90 468 Car 0 0 -10.0 0.0 196.0 297.0 363.0 0.0 0.0 0.0 0.0 0.0 0.0 -10.0 0.936
90 469 Cyclist 0 0 -10.0 977.0 144.0 1014.0 212.0 0.0 0.0 0.0 0.0 0.0 0.0 -10.0 0.9002
90 470 Car 0 0 -10.0 431.0 169.0 471.0 198.0 0.0 0.0 0.0 0.0 0.0 0.0 -10.0 0.8505
91 468 Car 0 0 -10.0 0.0 196.0 297.0 363.0 0.0 0.0 0.0 0.0 0.0 0.0 -10.0 0.9366
91 469 Cyclist 0 0 -10.0 977.0 144.0 1014.0 212.0 0.0 0.0 0.0 0.0 0.0 0.0 -10.0 0.9004
91 470 Car 0 0 -10.0 431.0 169.0 471.0 198.0 0.0 0.0 0.0 0.0 0.0 0.0 -10.0 0.8488
91 519 Pedestrian 0 0 -10.0 851.0 153.0 900.0 266.0 0.0 0.0 0.0 0.0 0.0 0.0 -10.0 0.6468
92 468 Car 0 0 -10.0 0.0 196.0 297.0 363.0 0.0 0.0 0.0 0.0 0.0 0.0 -10.0 0.9352
92 469 Cyclist 0 0 -10.0 977.0 144.0 1014.0 212.0 0.0 0.0 0.0 0.0 0.0 0.0 -10.0 0.8996
92 470 Car 0 0 -10.0 431.0 169.0 471.0 199.0 0.0 0.0 0.0 0.0 0.0 0.0 -10.0 0.8457
92 519 Pedestrian 0 0 -10.0 857.0 155.0 904.0 265.0 0.0 0.0 0.0 0.0 0.0 0.0 -10.0 0.5749
93 468 Car 0 0 -10.0 0.0 196.0 297.0 363.0 0.0 0.0 0.0 0.0 0.0 0.0 -10.0 0.9355
93 469 Cyclist 0 0 -10.0 977.0 144.0 1014.0 212.0 0.0 0.0 0.0 0.0 0.0 0.0 -10.0 0.904
93 470 Car 0 0 -10.0 431.0 169.0 472.0 199.0 0.0 0.0 0.0 0.0 0.0 0.0 -10.0 0.8445
93 519 Pedestrian 0 0 -10.0 865.0 155.0 914.0 264.0 0.0 0.0 0.0 0.0 0.0 0.0 -10.0 0.6158
94 468 Car 0 0 -10.0 0.0 195.0 296.0 363.0 0.0 0.0 0.0 0.0 0.0 0.0 -10.0 0.9333
94 469 Cyclist 0 0 -10.0 977.0 144.0 1014.0 212.0 0.0 0.0 0.0 0.0 0.0 0.0 -10.0 0.9032
94 470 Car 0 0 -10.0 432.0 169.0 472.0 200.0 0.0 0.0 0.0 0.0 0.0 0.0 -10.0 0.8502
94 519 Pedestrian 0 0 -10.0 866.0 153.0 918.0 262.0 0.0 0.0 0.0 0.0 0.0 0.0 -10.0 0.6291
95 468 Car 0 0 -10.0 0.0 195.0 297.0 363.0 0.0 0.0 0.0 0.0 0.0 0.0 -10.0 0.9351
95 469 Cyclist 0 0 -10.0 977.0 144.0 1014.0 212.0 0.0 0.0 0.0 0.0 0.0 0.0 -10.0 0.8964
95 470 Car 0 0 -10.0 432.0 169.0 473.0 200.0 0.0 0.0 0.0 0.0 0.0 0.0 -10.0 0.8491
95 519 Pedestrian 0 0 -10.0 873.0 153.0 925.0 263.0 0.0 0.0 0.0 0.0 0.0 0.0 -10.0 0.6133
95 520 Pedestrian 0 0 -10.0 881.0 158.0 933.0 263.0 0.0 0.0 0.0 0.0 0.0 0.0 -10.0 0.449
96 468 Car 0 0 -10.0 0.0 196.0 297.0 363.0 0.0 0.0 0.0 0.0 0.0 0.0 -10.0 0.9357
96 469 Cyclist 0 0 -10.0 977.0 144.0 1014.0 212.0 0.0 0.0 0.0 0.0 0.0 0.0 -10.0 0.8961
96 470 Car 0 0 -10.0 432.0 169.0 474.0 200.0 0.0 0.0 0.0 0.0 0.0 0.0 -10.0 0.8455
96 519 Pedestrian 0 0 -10.0 888.0 155.0 942.0 262.0 0.0 0.0 0.0 0.0 0.0 0.0 -10.0 0.3839
96 520 Pedestrian 0 0 -10.0 885.0 155.0 935.0 264.0 0.0 0.0 0.0 0.0 0.0 0.0 -10.0 0.6496
97 468 Car 0 0 -10.0 0.0 196.0 297.0 363.0 0.0 0.0 0.0 0.0 0.0 0.0 -10.0 0.9351
97 469 Cyclist 0 0 -10.0 978.0 144.0 1014.0 212.0 0.0 0.0 0.0 0.0 0.0 0.0 -10.0 0.8848
97 470 Car 0 0 -10.0 432.0 169.0 475.0 201.0 0.0 0.0 0.0 0.0 0.0 0.0 -10.0 0.8491
97 519 Pedestrian 0 0 -10.0 902.0 156.0 952.0 261.0 0.0 0.0 0.0 0.0 0.0 0.0 -10.0 0.5633
97 520 Pedestrian 0 0 -10.0 892.0 156.0 941.0 261.0 0.0 0.0 0.0 0.0 0.0 0.0 -10.0 0.5014
98 468 Car 0 0 -10.0 0.0 196.0 297.0 363.0 0.0 0.0 0.0 0.0 0.0 0.0 -10.0 0.9336
98 469 Cyclist 0 0 -10.0 979.0 144.0 1014.0 212.0 0.0 0.0 0.0 0.0 0.0 0.0 -10.0 0.8689
98 470 Car 0 0 -10.0 433.0 169.0 476.0 201.0 0.0 0.0 0.0 0.0 0.0 0.0 -10.0 0.8516
98 519 Pedestrian 0 0 -10.0 910.0 156.0 958.0 259.0 0.0 0.0 0.0 0.0 0.0 0.0 -10.0 0.6143
98 520 Pedestrian 0 0 -10.0 896.0 152.0 946.0 258.0 0.0 0.0 0.0 0.0 0.0 0.0 -10.0 0.5728
99 468 Car 0 0 -10.0 0.0 196.0 297.0 363.0 0.0 0.0 0.0 0.0 0.0 0.0 -10.0 0.9357
99 469 Cyclist 0 0 -10.0 979.0 145.0 1014.0 211.0 0.0 0.0 0.0 0.0 0.0 0.0 -10.0 0.8597
99 470 Car 0 0 -10.0 433.0 169.0 478.0 202.0 0.0 0.0 0.0 0.0 0.0 0.0 -10.0 0.8527
99 519 Pedestrian 0 0 -10.0 920.0 156.0 969.0 259.0 0.0 0.0 0.0 0.0 0.0 0.0 -10.0 0.6287
99 520 Pedestrian 0 0 -10.0 899.0 153.0 951.0 256.0 0.0 0.0 0.0 0.0 0.0 0.0 -10.0 0.53
100 468 Car 0 0 -10.0 0.0 196.0 297.0 363.0 0.0 0.0 0.0 0.0 0.0 0.0 -10.0 0.9342
100 469 Cyclist 0 0 -10.0 979.0 144.0 1015.0 210.0 0.0 0.0 0.0 0.0 0.0 0.0 -10.0 0.806
100 470 Car 0 0 -10.0 434.0 169.0 480.0 202.0 0.0 0.0 0.0 0.0 0.0 0.0 -10.0 0.8504
100 519 Pedestrian 0 0 -10.0 927.0 156.0 978.0 259.0 0.0 0.0 0.0 0.0 0.0 0.0 -10.0 0.4702
100 520 Pedestrian 0 0 -10.0 907.0 153.0 959.0 255.0 0.0 0.0 0.0 0.0 0.0 0.0 -10.0 0.6198
101 468 Car 0 0 -10.0 0.0 195.0 297.0 363.0 0.0 0.0 0.0 0.0 0.0 0.0 -10.0 0.935
101 469 Cyclist 0 0 -10.0 980.0 144.0 1015.0 210.0 0.0 0.0 0.0 0.0 0.0 0.0 -10.0 0.7326
101 470 Car 0 0 -10.0 435.0 169.0 483.0 202.0 0.0 0.0 0.0 0.0 0.0 0.0 -10.0 0.8484
101 519 Pedestrian 0 0 -10.0 936.0 154.0 985.0 257.0 0.0 0.0 0.0 0.0 0.0 0.0 -10.0 0.5181
101 520 Pedestrian 0 0 -10.0 919.0 152.0 968.0 255.0 0.0 0.0 0.0 0.0 0.0 0.0 -10.0 0.5859
102 468 Car 0 0 -10.0 0.0 195.0 297.0 363.0 0.0 0.0 0.0 0.0 0.0 0.0 -10.0 0.9342
102 469 Cyclist 0 0 -10.0 976.0 145.0 1014.0 211.0 0.0 0.0 0.0 0.0 0.0 0.0 -10.0 0.5619
102 470 Car 0 0 -10.0 436.0 169.0 486.0 203.0 0.0 0.0 0.0 0.0 0.0 0.0 -10.0 0.8413
102 519 Pedestrian 0 0 -10.0 945.0 153.0 994.0 255.0 0.0 0.0 0.0 0.0 0.0 0.0 -10.0 0.5212
102 520 Pedestrian 0 0 -10.0 934.0 150.0 981.0 253.0 0.0 0.0 0.0 0.0 0.0 0.0 -10.0 0.4816
103 468 Car 0 0 -10.0 0.0 196.0 297.0 363.0 0.0 0.0 0.0 0.0 0.0 0.0 -10.0 0.9366
103 470 Car 0 0 -10.0 437.0 169.0 488.0 203.0 0.0 0.0 0.0 0.0 0.0 0.0 -10.0 0.8431
103 519 Pedestrian 0 0 -10.0 955.0 151.0 1004.0 255.0 0.0 0.0 0.0 0.0 0.0 0.0 -10.0 0.5323
103 520 Pedestrian 0 0 -10.0 941.0 150.0 987.0 253.0 0.0 0.0 0.0 0.0 0.0 0.0 -10.0 0.4395
104 468 Car 0 0 -10.0 0.0 196.0 297.0 363.0 0.0 0.0 0.0 0.0 0.0 0.0 -10.0 0.9351
104 470 Car 0 0 -10.0 438.0 169.0 492.0 204.0 0.0 0.0 0.0 0.0 0.0 0.0 -10.0 0.8452
104 519 Pedestrian 0 0 -10.0 957.0 151.0 1007.0 254.0 0.0 0.0 0.0 0.0 0.0 0.0 -10.0 0.5624
104 520 Pedestrian 0 0 -10.0 944.0 150.0 992.0 252.0 0.0 0.0 0.0 0.0 0.0 0.0 -10.0 0.5963
104 469 Cyclist 0 0 -10.0 976.0 147.0 1013.0 209.0 0.0 0.0 0.0 0.0 0.0 0.0 -10.0 0.3176
105 468 Car 0 0 -10.0 0.0 195.0 297.0 363.0 0.0 0.0 0.0 0.0 0.0 0.0 -10.0 0.9355
105 470 Car 0 0 -10.0 439.0 168.0 496.0 204.0 0.0 0.0 0.0 0.0 0.0 0.0 -10.0 0.8462
105 519 Pedestrian 0 0 -10.0 966.0 149.0 1010.0 251.0 0.0 0.0 0.0 0.0 0.0 0.0 -10.0 0.3202
105 520 Pedestrian 0 0 -10.0 953.0 149.0 1002.0 253.0 0.0 0.0 0.0 0.0 0.0 0.0 -10.0 0.609
106 468 Car 0 0 -10.0 0.0 196.0 297.0 363.0 0.0 0.0 0.0 0.0 0.0 0.0 -10.0 0.9361
106 470 Car 0 0 -10.0 440.0 168.0 500.0 204.0 0.0 0.0 0.0 0.0 0.0 0.0 -10.0 0.8495
106 519 Cyclist 0 0 -10.0 973.0 148.0 1014.0 235.0 0.0 0.0 0.0 0.0 0.0 0.0 -10.0 0.6176
106 520 Pedestrian 0 0 -10.0 963.0 149.0 1011.0 252.0 0.0 0.0 0.0 0.0 0.0 0.0 -10.0 0.6543
106 469 Cyclist 0 0 -10.0 975.0 147.0 1012.0 207.0 0.0 0.0 0.0 0.0 0.0 0.0 -10.0 0.762
107 468 Car 0 0 -10.0 0.0 195.0 297.0 363.0 0.0 0.0 0.0 0.0 0.0 0.0 -10.0 0.9376
107 470 Car 0 0 -10.0 442.0 168.0 504.0 204.0 0.0 0.0 0.0 0.0 0.0 0.0 -10.0 0.8469
107 520 Cyclist 0 0 -10.0 975.0 151.0 1017.0 250.0 0.0 0.0 0.0 0.0 0.0 0.0 -10.0 0.1252
107 469 Cyclist 0 0 -10.0 974.0 147.0 1011.0 212.0 0.0 0.0 0.0 0.0 0.0 0.0 -10.0 0.8201
108 468 Car 0 0 -10.0 0.0 195.0 297.0 363.0 0.0 0.0 0.0 0.0 0.0 0.0 -10.0 0.9359
108 470 Car 0 0 -10.0 443.0 168.0 507.0 205.0 0.0 0.0 0.0 0.0 0.0 0.0 -10.0 0.8636
108 469 Cyclist 0 0 -10.0 975.0 145.0 1012.0 213.0 0.0 0.0 0.0 0.0 0.0 0.0 -10.0 0.8629
109 468 Car 0 0 -10.0 0.0 195.0 297.0 363.0 0.0 0.0 0.0 0.0 0.0 0.0 -10.0 0.934
109 470 Car 0 0 -10.0 444.0 168.0 513.0 205.0 0.0 0.0 0.0 0.0 0.0 0.0 -10.0 0.843
109 469 Cyclist 0 0 -10.0 975.0 144.0 1012.0 213.0 0.0 0.0 0.0 0.0 0.0 0.0 -10.0 0.8712
109 520 Pedestrian 0 0 -10.0 999.0 148.0 1047.0 250.0 0.0 0.0 0.0 0.0 0.0 0.0 -10.0 0.6436
110 468 Car 0 0 -10.0 0.0 195.0 297.0 363.0 0.0 0.0 0.0 0.0 0.0 0.0 -10.0 0.9345
110 470 Car 0 0 -10.0 447.0 168.0 519.0 206.0 0.0 0.0 0.0 0.0 0.0 0.0 -10.0 0.8424
110 469 Cyclist 0 0 -10.0 976.0 144.0 1012.0 213.0 0.0 0.0 0.0 0.0 0.0 0.0 -10.0 0.8846
110 520 Pedestrian 0 0 -10.0 1006.0 147.0 1057.0 249.0 0.0 0.0 0.0 0.0 0.0 0.0 -10.0 0.5311
111 468 Car 0 0 -10.0 0.0 195.0 297.0 363.0 0.0 0.0 0.0 0.0 0.0 0.0 -10.0 0.9341
111 470 Car 0 0 -10.0 448.0 168.0 524.0 207.0 0.0 0.0 0.0 0.0 0.0 0.0 -10.0 0.8463
111 469 Cyclist 0 0 -10.0 977.0 144.0 1013.0 213.0 0.0 0.0 0.0 0.0 0.0 0.0 -10.0 0.8945
111 520 Pedestrian 0 0 -10.0 1014.0 147.0 1065.0 248.0 0.0 0.0 0.0 0.0 0.0 0.0 -10.0 0.6035
112 468 Car 0 0 -10.0 0.0 195.0 297.0 363.0 0.0 0.0 0.0 0.0 0.0 0.0 -10.0 0.9339
112 470 Car 0 0 -10.0 452.0 167.0 530.0 207.0 0.0 0.0 0.0 0.0 0.0 0.0 -10.0 0.8446
112 469 Cyclist 0 0 -10.0 977.0 144.0 1014.0 213.0 0.0 0.0 0.0 0.0 0.0 0.0 -10.0 0.8853
112 520 Pedestrian 0 0 -10.0 1022.0 147.0 1071.0 248.0 0.0 0.0 0.0 0.0 0.0 0.0 -10.0 0.5944
113 468 Car 0 0 -10.0 0.0 195.0 297.0 363.0 0.0 0.0 0.0 0.0 0.0 0.0 -10.0 0.9351
113 470 Car 0 0 -10.0 456.0 167.0 536.0 207.0 0.0 0.0 0.0 0.0 0.0 0.0 -10.0 0.8679
113 469 Cyclist 0 0 -10.0 977.0 144.0 1014.0 213.0 0.0 0.0 0.0 0.0 0.0 0.0 -10.0 0.8911
113 520 Pedestrian 0 0 -10.0 1030.0 147.0 1077.0 248.0 0.0 0.0 0.0 0.0 0.0 0.0 -10.0 0.6261
113 519 Pedestrian 0 0 -10.0 1023.0 144.0 1064.0 243.0 0.0 0.0 0.0 0.0 0.0 0.0 -10.0 0.3831
114 468 Car 0 0 -10.0 0.0 196.0 297.0 363.0 0.0 0.0 0.0 0.0 0.0 0.0 -10.0 0.9339
114 470 Car 0 0 -10.0 460.0 167.0 544.0 208.0 0.0 0.0 0.0 0.0 0.0 0.0 -10.0 0.8591
114 469 Cyclist 0 0 -10.0 977.0 144.0 1014.0 212.0 0.0 0.0 0.0 0.0 0.0 0.0 -10.0 0.8945
114 520 Pedestrian 0 0 -10.0 1034.0 147.0 1082.0 248.0 0.0 0.0 0.0 0.0 0.0 0.0 -10.0 0.6193
114 519 Pedestrian 0 0 -10.0 1025.0 145.0 1070.0 245.0 0.0 0.0 0.0 0.0 0.0 0.0 -10.0 0.4565
115 468 Car 0 0 -10.0 0.0 196.0 297.0 363.0 0.0 0.0 0.0 0.0 0.0 0.0 -10.0 0.9339
115 470 Car 0 0 -10.0 463.0 167.0 551.0 208.0 0.0 0.0 0.0 0.0 0.0 0.0 -10.0 0.8538
115 469 Cyclist 0 0 -10.0 977.0 144.0 1014.0 212.0 0.0 0.0 0.0 0.0 0.0 0.0 -10.0 0.8871
115 520 Pedestrian 0 0 -10.0 1038.0 144.0 1089.0 247.0 0.0 0.0 0.0 0.0 0.0 0.0 -10.0 0.6017
115 519 Pedestrian 0 0 -10.0 1028.0 142.0 1079.0 246.0 0.0 0.0 0.0 0.0 0.0 0.0 -10.0 0.5801
116 468 Car 0 0 -10.0 0.0 196.0 297.0 363.0 0.0 0.0 0.0 0.0 0.0 0.0 -10.0 0.9333
116 470 Car 0 0 -10.0 466.0 167.0 561.0 208.0 0.0 0.0 0.0 0.0 0.0 0.0 -10.0 0.8638
116 469 Cyclist 0 0 -10.0 977.0 143.0 1014.0 212.0 0.0 0.0 0.0 0.0 0.0 0.0 -10.0 0.8857
116 520 Pedestrian 0 0 -10.0 1040.0 143.0 1095.0 246.0 0.0 0.0 0.0 0.0 0.0 0.0 -10.0 0.5475
116 519 Pedestrian 0 0 -10.0 1031.0 141.0 1084.0 245.0 0.0 0.0 0.0 0.0 0.0 0.0 -10.0 0.6719
117 468 Car 0 0 -10.0 0.0 195.0 297.0 363.0 0.0 0.0 0.0 0.0 0.0 0.0 -10.0 0.9354
117 470 Car 0 0 -10.0 471.0 167.0 570.0 208.0 0.0 0.0 0.0 0.0 0.0 0.0 -10.0 0.8767
117 469 Cyclist 0 0 -10.0 976.0 143.0 1014.0 212.0 0.0 0.0 0.0 0.0 0.0 0.0 -10.0 0.8876
117 520 Pedestrian 0 0 -10.0 1056.0 144.0 1104.0 245.0 0.0 0.0 0.0 0.0 0.0 0.0 -10.0 0.6346
117 519 Pedestrian 0 0 -10.0 1037.0 139.0 1086.0 242.0 0.0 0.0 0.0 0.0 0.0 0.0 -10.0 0.6327
118 468 Car 0 0 -10.0 0.0 195.0 297.0 363.0 0.0 0.0 0.0 0.0 0.0 0.0 -10.0 0.9338
118 470 Car 0 0 -10.0 476.0 167.0 579.0 209.0 0.0 0.0 0.0 0.0 0.0 0.0 -10.0 0.8852
118 469 Cyclist 0 0 -10.0 976.0 143.0 1014.0 212.0 0.0 0.0 0.0 0.0 0.0 0.0 -10.0 0.8918
118 520 Pedestrian 0 0 -10.0 1064.0 144.0 1106.0 244.0 0.0 0.0 0.0 0.0 0.0 0.0 -10.0 0.6144
118 519 Pedestrian 0 0 -10.0 1044.0 139.0 1090.0 240.0 0.0 0.0 0.0 0.0 0.0 0.0 -10.0 0.534
119 468 Car 0 0 -10.0 0.0 195.0 297.0 363.0 0.0 0.0 0.0 0.0 0.0 0.0 -10.0 0.9334
119 470 Car 0 0 -10.0 481.0 166.0 589.0 209.0 0.0 0.0 0.0 0.0 0.0 0.0 -10.0 0.8671
119 469 Cyclist 0 0 -10.0 976.0 143.0 1014.0 212.0 0.0 0.0 0.0 0.0 0.0 0.0 -10.0 0.8927
119 520 Pedestrian 0 0 -10.0 1067.0 143.0 1110.0 243.0 0.0 0.0 0.0 0.0 0.0 0.0 -10.0 0.557
119 519 Pedestrian 0 0 -10.0 1048.0 138.0 1094.0 241.0 0.0 0.0 0.0 0.0 0.0 0.0 -10.0 0.5129
120 468 Car 0 0 -10.0 0.0 196.0 297.0 363.0 0.0 0.0 0.0 0.0 0.0 0.0 -10.0 0.9331
120 470 Car 0 0 -10.0 489.0 166.0 599.0 209.0 0.0 0.0 0.0 0.0 0.0 0.0 -10.0 0.8816
120 469 Cyclist 0 0 -10.0 976.0 143.0 1014.0 212.0 0.0 0.0 0.0 0.0 0.0 0.0 -10.0 0.8951
120 520 Pedestrian 0 0 -10.0 1077.0 145.0 1122.0 243.0 0.0 0.0 0.0 0.0 0.0 0.0 -10.0 0.5345
120 519 Pedestrian 0 0 -10.0 1050.0 136.0 1098.0 241.0 0.0 0.0 0.0 0.0 0.0 0.0 -10.0 0.6282
120 527 Pedestrian 0 0 -10.0 1082.0 147.0 1132.0 243.0 0.0 0.0 0.0 0.0 0.0 0.0 -10.0 0.5582
121 468 Car 0 0 -10.0 0.0 196.0 297.0 363.0 0.0 0.0 0.0 0.0 0.0 0.0 -10.0 0.9341
121 470 Car 0 0 -10.0 497.0 166.0 608.0 210.0 0.0 0.0 0.0 0.0 0.0 0.0 -10.0 0.8584
121 469 Cyclist 0 0 -10.0 976.0 143.0 1014.0 212.0 0.0 0.0 0.0 0.0 0.0 0.0 -10.0 0.8938
121 520 Pedestrian 0 0 -10.0 1080.0 141.0 1130.0 242.0 0.0 0.0 0.0 0.0 0.0 0.0 -10.0 0.1621
121 519 Pedestrian 0 0 -10.0 1057.0 136.0 1109.0 241.0 0.0 0.0 0.0 0.0 0.0 0.0 -10.0 0.5719
121 527 Pedestrian 0 0 -10.0 1088.0 144.0 1134.0 241.0 0.0 0.0 0.0 0.0 0.0 0.0 -10.0 0.574
122 468 Car 0 0 -10.0 0.0 196.0 297.0 363.0 0.0 0.0 0.0 0.0 0.0 0.0 -10.0 0.9358
122 470 Car 0 0 -10.0 506.0 166.0 614.0 210.0 0.0 0.0 0.0 0.0 0.0 0.0 -10.0 0.8697
122 469 Cyclist 0 0 -10.0 976.0 142.0 1014.0 212.0 0.0 0.0 0.0 0.0 0.0 0.0 -10.0 0.8948
122 520 Pedestrian 0 0 -10.0 1086.0 140.0 1133.0 240.0 0.0 0.0 0.0 0.0 0.0 0.0 -10.0 0.4925
122 519 Pedestrian 0 0 -10.0 1066.0 138.0 1110.0 238.0 0.0 0.0 0.0 0.0 0.0 0.0 -10.0 0.2262
122 527 Pedestrian 0 0 -10.0 1093.0 143.0 1137.0 240.0 0.0 0.0 0.0 0.0 0.0 0.0 -10.0 0.5998
123 468 Car 0 0 -10.0 0.0 196.0 297.0 363.0 0.0 0.0 0.0 0.0 0.0 0.0 -10.0 0.9342
123 470 Car 0 0 -10.0 512.0 165.0 617.0 210.0 0.0 0.0 0.0 0.0 0.0 0.0 -10.0 0.8577
123 469 Cyclist 0 0 -10.0 977.0 142.0 1014.0 212.0 0.0 0.0 0.0 0.0 0.0 0.0 -10.0 0.8932
123 520 Pedestrian 0 0 -10.0 1091.0 138.0 1134.0 239.0 0.0 0.0 0.0 0.0 0.0 0.0 -10.0 0.4503
123 527 Pedestrian 0 0 -10.0 1098.0 141.0 1144.0 238.0 0.0 0.0 0.0 0.0 0.0 0.0 -10.0 0.5439
124 468 Car 0 0 -10.0 0.0 196.0 297.0 363.0 0.0 0.0 0.0 0.0 0.0 0.0 -10.0 0.936
124 470 Car 0 0 -10.0 523.0 165.0 619.0 210.0 0.0 0.0 0.0 0.0 0.0 0.0 -10.0 0.8661
124 469 Cyclist 0 0 -10.0 977.0 142.0 1014.0 212.0 0.0 0.0 0.0 0.0 0.0 0.0 -10.0 0.8909
124 520 Pedestrian 0 0 -10.0 1100.0 139.0 1145.0 239.0 0.0 0.0 0.0 0.0 0.0 0.0 -10.0 0.4292
124 527 Pedestrian 0 0 -10.0 1108.0 140.0 1153.0 239.0 0.0 0.0 0.0 0.0 0.0 0.0 -10.0 0.5849
125 468 Car 0 0 -10.0 0.0 195.0 297.0 363.0 0.0 0.0 0.0 0.0 0.0 0.0 -10.0 0.9355
125 470 Car 0 0 -10.0 535.0 164.0 620.0 210.0 0.0 0.0 0.0 0.0 0.0 0.0 -10.0 0.8578
125 469 Cyclist 0 0 -10.0 977.0 143.0 1014.0 212.0 0.0 0.0 0.0 0.0 0.0 0.0 -10.0 0.8906
125 527 Pedestrian 0 0 -10.0 1117.0 141.0 1162.0 240.0 0.0 0.0 0.0 0.0 0.0 0.0 -10.0 0.5811
125 519 Pedestrian 0 0 -10.0 1088.0 138.0 1130.0 237.0 0.0 0.0 0.0 0.0 0.0 0.0 -10.0 0.5405
126 468 Car 0 0 -10.0 0.0 195.0 297.0 363.0 0.0 0.0 0.0 0.0 0.0 0.0 -10.0 0.9348
126 470 Car 0 0 -10.0 546.0 164.0 620.0 210.0 0.0 0.0 0.0 0.0 0.0 0.0 -10.0 0.862
126 469 Cyclist 0 0 -10.0 977.0 143.0 1015.0 212.0 0.0 0.0 0.0 0.0 0.0 0.0 -10.0 0.8905
126 527 Pedestrian 0 0 -10.0 1124.0 141.0 1169.0 237.0 0.0 0.0 0.0 0.0 0.0 0.0 -10.0 0.6033
126 519 Pedestrian 0 0 -10.0 1094.0 137.0 1141.0 237.0 0.0 0.0 0.0 0.0 0.0 0.0 -10.0 0.643
126 520 Pedestrian 0 0 -10.0 1114.0 139.0 1160.0 237.0 0.0 0.0 0.0 0.0 0.0 0.0 -10.0 0.4429
127 468 Car 0 0 -10.0 0.0 195.0 297.0 363.0 0.0 0.0 0.0 0.0 0.0 0.0 -10.0 0.9347
127 470 Car 0 0 -10.0 556.0 163.0 618.0 210.0 0.0 0.0 0.0 0.0 0.0 0.0 -10.0 0.7797
127 469 Cyclist 0 0 -10.0 977.0 143.0 1015.0 212.0 0.0 0.0 0.0 0.0 0.0 0.0 -10.0 0.8935
127 527 Pedestrian 0 0 -10.0 1128.0 139.0 1173.0 235.0 0.0 0.0 0.0 0.0 0.0 0.0 -10.0 0.6083
127 520 Pedestrian 0 0 -10.0 1120.0 137.0 1165.0 236.0 0.0 0.0 0.0 0.0 0.0 0.0 -10.0 0.5036
128 468 Car 0 0 -10.0 0.0 196.0 297.0 363.0 0.0 0.0 0.0 0.0 0.0 0.0 -10.0 0.9354
128 470 Car 0 0 -10.0 570.0 164.0 616.0 210.0 0.0 0.0 0.0 0.0 0.0 0.0 -10.0 0.7212
128 469 Cyclist 0 0 -10.0 977.0 143.0 1015.0 212.0 0.0 0.0 0.0 0.0 0.0 0.0 -10.0 0.8918
128 527 Pedestrian 0 0 -10.0 1135.0 137.0 1183.0 234.0 0.0 0.0 0.0 0.0 0.0 0.0 -10.0 0.5379
128 520 Pedestrian 0 0 -10.0 1128.0 136.0 1174.0 231.0 0.0 0.0 0.0 0.0 0.0 0.0 -10.0 0.2526
128 519 Pedestrian 0 0 -10.0 1108.0 136.0 1151.0 230.0 0.0 0.0 0.0 0.0 0.0 0.0 -10.0 0.2938
129 468 Car 0 0 -10.0 0.0 196.0 297.0 363.0 0.0 0.0 0.0 0.0 0.0 0.0 -10.0 0.9352
129 470 Car 0 0 -10.0 582.0 165.0 615.0 209.0 0.0 0.0 0.0 0.0 0.0 0.0 -10.0 0.6956
129 469 Cyclist 0 0 -10.0 977.0 142.0 1015.0 212.0 0.0 0.0 0.0 0.0 0.0 0.0 -10.0 0.8904
129 527 Pedestrian 0 0 -10.0 1148.0 137.0 1193.0 236.0 0.0 0.0 0.0 0.0 0.0 0.0 -10.0 0.3752
129 520 Pedestrian 0 0 -10.0 1137.0 136.0 1185.0 233.0 0.0 0.0 0.0 0.0 0.0 0.0 -10.0 0.5686
129 519 Pedestrian 0 0 -10.0 1115.0 134.0 1156.0 227.0 0.0 0.0 0.0 0.0 0.0 0.0 -10.0 0.1572
130 468 Car 0 0 -10.0 0.0 196.0 297.0 363.0 0.0 0.0 0.0 0.0 0.0 0.0 -10.0 0.9368
130 469 Cyclist 0 0 -10.0 977.0 143.0 1015.0 212.0 0.0 0.0 0.0 0.0 0.0 0.0 -10.0 0.8928
130 527 Pedestrian 0 0 -10.0 1151.0 137.0 1199.0 234.0 0.0 0.0 0.0 0.0 0.0 0.0 -10.0 0.5198
130 520 Pedestrian 0 0 -10.0 1142.0 136.0 1191.0 234.0 0.0 0.0 0.0 0.0 0.0 0.0 -10.0 0.5533
130 519 Pedestrian 0 0 -10.0 1118.0 135.0 1159.0 228.0 0.0 0.0 0.0 0.0 0.0 0.0 -10.0 0.3798
131 468 Car 0 0 -10.0 0.0 196.0 297.0 363.0 0.0 0.0 0.0 0.0 0.0 0.0 -10.0 0.9361
131 469 Cyclist 0 0 -10.0 976.0 143.0 1014.0 212.0 0.0 0.0 0.0 0.0 0.0 0.0 -10.0 0.89
131 527 Pedestrian 0 0 -10.0 1157.0 137.0 1203.0 232.0 0.0 0.0 0.0 0.0 0.0 0.0 -10.0 0.5348
131 520 Pedestrian 0 0 -10.0 1142.0 136.0 1190.0 232.0 0.0 0.0 0.0 0.0 0.0 0.0 -10.0 0.456
132 468 Car 0 0 -10.0 0.0 196.0 297.0 363.0 0.0 0.0 0.0 0.0 0.0 0.0 -10.0 0.9363
132 469 Cyclist 0 0 -10.0 976.0 143.0 1014.0 212.0 0.0 0.0 0.0 0.0 0.0 0.0 -10.0 0.8885
132 527 Pedestrian 0 0 -10.0 1158.0 135.0 1208.0 231.0 0.0 0.0 0.0 0.0 0.0 0.0 -10.0 0.5256
132 520 Pedestrian 0 0 -10.0 1151.0 134.0 1194.0 232.0 0.0 0.0 0.0 0.0 0.0 0.0 -10.0 0.2729
133 468 Car 0 0 -10.0 0.0 195.0 297.0 363.0 0.0 0.0 0.0 0.0 0.0 0.0 -10.0 0.9351
133 469 Cyclist 0 0 -10.0 976.0 142.0 1014.0 212.0 0.0 0.0 0.0 0.0 0.0 0.0 -10.0 0.8925
133 527 Cyclist 0 0 -10.0 1168.0 135.0 1220.0 230.0 0.0 0.0 0.0 0.0 0.0 0.0 -10.0 0.1193
133 520 Pedestrian 0 0 -10.0 1153.0 133.0 1200.0 231.0 0.0 0.0 0.0 0.0 0.0 0.0 -10.0 0.3781
134 468 Car 0 0 -10.0 0.0 196.0 297.0 363.0 0.0 0.0 0.0 0.0 0.0 0.0 -10.0 0.9368
134 469 Cyclist 0 0 -10.0 976.0 142.0 1014.0 212.0 0.0 0.0 0.0 0.0 0.0 0.0 -10.0 0.8867
134 527 Pedestrian 0 0 -10.0 1187.0 133.0 1224.0 232.0 0.0 0.0 0.0 0.0 0.0 0.0 -10.0 0.1962
134 520 Pedestrian 0 0 -10.0 1159.0 133.0 1204.0 229.0 0.0 0.0 0.0 0.0 0.0 0.0 -10.0 0.3791
134 519 Pedestrian 0 0 -10.0 1144.0 135.0 1183.0 225.0 0.0 0.0 0.0 0.0 0.0 0.0 -10.0 0.6001
135 468 Car 0 0 -10.0 0.0 195.0 297.0 363.0 0.0 0.0 0.0 0.0 0.0 0.0 -10.0 0.9359
135 469 Cyclist 0 0 -10.0 976.0 142.0 1014.0 212.0 0.0 0.0 0.0 0.0 0.0 0.0 -10.0 0.8912
135 527 Pedestrian 0 0 -10.0 1197.0 134.0 1224.0 232.0 0.0 0.0 0.0 0.0 0.0 0.0 -10.0 0.1288
135 520 Pedestrian 0 0 -10.0 1161.0 137.0 1204.0 226.0 0.0 0.0 0.0 0.0 0.0 0.0 -10.0 0.3192
135 519 Pedestrian 0 0 -10.0 1149.0 136.0 1187.0 225.0 0.0 0.0 0.0 0.0 0.0 0.0 -10.0 0.5986
136 468 Car 0 0 -10.0 0.0 196.0 297.0 363.0 0.0 0.0 0.0 0.0 0.0 0.0 -10.0 0.9377
136 469 Cyclist 0 0 -10.0 976.0 142.0 1014.0 212.0 0.0 0.0 0.0 0.0 0.0 0.0 -10.0 0.8924
136 527 Pedestrian 0 0 -10.0 1203.0 134.0 1224.0 229.0 0.0 0.0 0.0 0.0 0.0 0.0 -10.0 0.2023
136 519 Pedestrian 0 0 -10.0 1153.0 135.0 1193.0 224.0 0.0 0.0 0.0 0.0 0.0 0.0 -10.0 0.5654
137 468 Car 0 0 -10.0 0.0 196.0 297.0 363.0 0.0 0.0 0.0 0.0 0.0 0.0 -10.0 0.9357
137 469 Cyclist 0 0 -10.0 976.0 143.0 1014.0 212.0 0.0 0.0 0.0 0.0 0.0 0.0 -10.0 0.891
137 519 Pedestrian 0 0 -10.0 1159.0 135.0 1199.0 225.0 0.0 0.0 0.0 0.0 0.0 0.0 -10.0 0.5465
138 468 Car 0 0 -10.0 0.0 196.0 297.0 363.0 0.0 0.0 0.0 0.0 0.0 0.0 -10.0 0.9364
138 469 Cyclist 0 0 -10.0 976.0 143.0 1014.0 212.0 0.0 0.0 0.0 0.0 0.0 0.0 -10.0 0.8921
138 519 Pedestrian 0 0 -10.0 1160.0 137.0 1204.0 224.0 0.0 0.0 0.0 0.0 0.0 0.0 -10.0 0.4764
138 520 Cyclist 0 0 -10.0 1159.0 137.0 1222.0 224.0 0.0 0.0 0.0 0.0 0.0 0.0 -10.0 0.4374
139 468 Car 0 0 -10.0 0.0 196.0 297.0 363.0 0.0 0.0 0.0 0.0 0.0 0.0 -10.0 0.9352
139 469 Cyclist 0 0 -10.0 976.0 144.0 1013.0 212.0 0.0 0.0 0.0 0.0 0.0 0.0 -10.0 0.8932
139 519 Pedestrian 0 0 -10.0 1164.0 134.0 1209.0 223.0 0.0 0.0 0.0 0.0 0.0 0.0 -10.0 0.4253
140 468 Car 0 0 -10.0 0.0 196.0 297.0 363.0 0.0 0.0 0.0 0.0 0.0 0.0 -10.0 0.9351
140 469 Cyclist 0 0 -10.0 976.0 144.0 1013.0 213.0 0.0 0.0 0.0 0.0 0.0 0.0 -10.0 0.8851
140 519 Pedestrian 0 0 -10.0 1170.0 134.0 1208.0 220.0 0.0 0.0 0.0 0.0 0.0 0.0 -10.0 0.2411
141 468 Car 0 0 -10.0 0.0 195.0 297.0 363.0 0.0 0.0 0.0 0.0 0.0 0.0 -10.0 0.9367
141 469 Cyclist 0 0 -10.0 976.0 144.0 1013.0 213.0 0.0 0.0 0.0 0.0 0.0 0.0 -10.0 0.8899
141 519 Pedestrian 0 0 -10.0 1173.0 138.0 1213.0 220.0 0.0 0.0 0.0 0.0 0.0 0.0 -10.0 0.3886
142 468 Car 0 0 -10.0 0.0 195.0 297.0 363.0 0.0 0.0 0.0 0.0 0.0 0.0 -10.0 0.9364
142 469 Cyclist 0 0 -10.0 975.0 144.0 1013.0 213.0 0.0 0.0 0.0 0.0 0.0 0.0 -10.0 0.8958
142 534 Car 0 0 -10.0 832.0 160.0 936.0 207.0 0.0 0.0 0.0 0.0 0.0 0.0 -10.0 0.6605
143 468 Car 0 0 -10.0 0.0 196.0 297.0 363.0 0.0 0.0 0.0 0.0 0.0 0.0 -10.0 0.935
143 469 Cyclist 0 0 -10.0 976.0 144.0 1013.0 212.0 0.0 0.0 0.0 0.0 0.0 0.0 -10.0 0.8903
143 534 Car 0 0 -10.0 833.0 160.0 952.0 207.0 0.0 0.0 0.0 0.0 0.0 0.0 -10.0 0.7665
144 468 Car 0 0 -10.0 0.0 196.0 297.0 363.0 0.0 0.0 0.0 0.0 0.0 0.0 -10.0 0.9351
144 469 Cyclist 0 0 -10.0 974.0 144.0 1013.0 212.0 0.0 0.0 0.0 0.0 0.0 0.0 -10.0 0.8738
144 534 Car 0 0 -10.0 853.0 160.0 974.0 207.0 0.0 0.0 0.0 0.0 0.0 0.0 -10.0 0.7407
145 468 Car 0 0 -10.0 0.0 196.0 297.0 363.0 0.0 0.0 0.0 0.0 0.0 0.0 -10.0 0.9358
145 469 Cyclist 0 0 -10.0 974.0 142.0 1014.0 212.0 0.0 0.0 0.0 0.0 0.0 0.0 -10.0 0.8375
145 534 Car 0 0 -10.0 849.0 158.0 995.0 206.0 0.0 0.0 0.0 0.0 0.0 0.0 -10.0 0.7576
146 468 Car 0 0 -10.0 0.0 196.0 297.0 363.0 0.0 0.0 0.0 0.0 0.0 0.0 -10.0 0.9353
146 469 Cyclist 0 0 -10.0 974.0 143.0 1014.0 212.0 0.0 0.0 0.0 0.0 0.0 0.0 -10.0 0.7876
146 534 Car 0 0 -10.0 855.0 158.0 1012.0 206.0 0.0 0.0 0.0 0.0 0.0 0.0 -10.0 0.7895
147 468 Car 0 0 -10.0 0.0 195.0 297.0 363.0 0.0 0.0 0.0 0.0 0.0 0.0 -10.0 0.9356
147 469 Cyclist 0 0 -10.0 976.0 142.0 1015.0 212.0 0.0 0.0 0.0 0.0 0.0 0.0 -10.0 0.7333
147 534 Car 0 0 -10.0 866.0 157.0 1021.0 205.0 0.0 0.0 0.0 0.0 0.0 0.0 -10.0 0.8229
148 468 Car 0 0 -10.0 0.0 195.0 297.0 363.0 0.0 0.0 0.0 0.0 0.0 0.0 -10.0 0.9335
148 469 Cyclist 0 0 -10.0 978.0 141.0 1015.0 211.0 0.0 0.0 0.0 0.0 0.0 0.0 -10.0 0.4945
148 534 Car 0 0 -10.0 882.0 156.0 1031.0 205.0 0.0 0.0 0.0 0.0 0.0 0.0 -10.0 0.8075
149 468 Car 0 0 -10.0 0.0 195.0 297.0 363.0 0.0 0.0 0.0 0.0 0.0 0.0 -10.0 0.9369
149 469 Cyclist 0 0 -10.0 975.0 143.0 1014.0 211.0 0.0 0.0 0.0 0.0 0.0 0.0 -10.0 0.5857
149 534 Car 0 0 -10.0 899.0 155.0 1058.0 202.0 0.0 0.0 0.0 0.0 0.0 0.0 -10.0 0.7555
150 468 Car 0 0 -10.0 0.0 195.0 297.0 363.0 0.0 0.0 0.0 0.0 0.0 0.0 -10.0 0.936
150 469 Cyclist 0 0 -10.0 964.0 143.0 1013.0 211.0 0.0 0.0 0.0 0.0 0.0 0.0 -10.0 0.4409
150 534 Car 0 0 -10.0 920.0 153.0 1080.0 204.0 0.0 0.0 0.0 0.0 0.0 0.0 -10.0 0.7695
151 468 Car 0 0 -10.0 0.0 195.0 297.0 363.0 0.0 0.0 0.0 0.0 0.0 0.0 -10.0 0.9357
151 469 Cyclist 0 0 -10.0 971.0 142.0 1015.0 211.0 0.0 0.0 0.0 0.0 0.0 0.0 -10.0 0.546
151 534 Car 0 0 -10.0 946.0 151.0 1108.0 205.0 0.0 0.0 0.0 0.0 0.0 0.0 -10.0 0.7505
152 468 Car 0 0 -10.0 0.0 195.0 297.0 363.0 0.0 0.0 0.0 0.0 0.0 0.0 -10.0 0.9366
152 469 Cyclist 0 0 -10.0 972.0 144.0 1010.0 212.0 0.0 0.0 0.0 0.0 0.0 0.0 -10.0 0.841
152 534 Car 0 0 -10.0 973.0 153.0 1129.0 204.0 0.0 0.0 0.0 0.0 0.0 0.0 -10.0 0.7584
153 468 Car 0 0 -10.0 0.0 195.0 297.0 363.0 0.0 0.0 0.0 0.0 0.0 0.0 -10.0 0.9364
153 469 Cyclist 0 0 -10.0 975.0 143.0 1013.0 212.0 0.0 0.0 0.0 0.0 0.0 0.0 -10.0 0.8828
153 534 Car 0 0 -10.0 992.0 153.0 1148.0 204.0 0.0 0.0 0.0 0.0 0.0 0.0 -10.0 0.7866
154 468 Car 0 0 -10.0 0.0 195.0 297.0 363.0 0.0 0.0 0.0 0.0 0.0 0.0 -10.0 0.9351
154 469 Cyclist 0 0 -10.0 976.0 144.0 1014.0 213.0 0.0 0.0 0.0 0.0 0.0 0.0 -10.0 0.8864
154 534 Car 0 0 -10.0 999.0 152.0 1167.0 203.0 0.0 0.0 0.0 0.0 0.0 0.0 -10.0 0.7594
155 468 Car 0 0 -10.0 0.0 195.0 297.0 363.0 0.0 0.0 0.0 0.0 0.0 0.0 -10.0 0.9367
155 469 Cyclist 0 0 -10.0 976.0 143.0 1014.0 213.0 0.0 0.0 0.0 0.0 0.0 0.0 -10.0 0.8909
155 534 Car 0 0 -10.0 1017.0 151.0 1191.0 202.0 0.0 0.0 0.0 0.0 0.0 0.0 -10.0 0.7163
156 468 Car 0 0 -10.0 0.0 195.0 297.0 363.0 0.0 0.0 0.0 0.0 0.0 0.0 -10.0 0.9357
156 469 Cyclist 0 0 -10.0 976.0 143.0 1014.0 212.0 0.0 0.0 0.0 0.0 0.0 0.0 -10.0 0.888
156 534 Car 0 0 -10.0 1039.0 150.0 1214.0 200.0 0.0 0.0 0.0 0.0 0.0 0.0 -10.0 0.7616
157 468 Car 0 0 -10.0 0.0 195.0 297.0 363.0 0.0 0.0 0.0 0.0 0.0 0.0 -10.0 0.935
157 469 Cyclist 0 0 -10.0 976.0 143.0 1014.0 212.0 0.0 0.0 0.0 0.0 0.0 0.0 -10.0 0.8844
157 534 Car 0 0 -10.0 1065.0 149.0 1223.0 198.0 0.0 0.0 0.0 0.0 0.0 0.0 -10.0 0.7845
158 468 Car 0 0 -10.0 0.0 195.0 297.0 363.0 0.0 0.0 0.0 0.0 0.0 0.0 -10.0 0.9359
158 469 Cyclist 0 0 -10.0 976.0 143.0 1013.0 212.0 0.0 0.0 0.0 0.0 0.0 0.0 -10.0 0.8834
158 534 Car 0 0 -10.0 1087.0 149.0 1224.0 198.0 0.0 0.0 0.0 0.0 0.0 0.0 -10.0 0.778
159 468 Car 0 0 -10.0 0.0 195.0 297.0 363.0 0.0 0.0 0.0 0.0 0.0 0.0 -10.0 0.9355
159 469 Cyclist 0 0 -10.0 976.0 143.0 1014.0 213.0 0.0 0.0 0.0 0.0 0.0 0.0 -10.0 0.8868
159 534 Car 0 0 -10.0 1104.0 149.0 1224.0 197.0 0.0 0.0 0.0 0.0 0.0 0.0 -10.0 0.7652
160 468 Car 0 0 -10.0 0.0 195.0 297.0 363.0 0.0 0.0 0.0 0.0 0.0 0.0 -10.0 0.9353
160 469 Cyclist 0 0 -10.0 976.0 143.0 1014.0 213.0 0.0 0.0 0.0 0.0 0.0 0.0 -10.0 0.8879
160 534 Car 0 0 -10.0 1125.0 149.0 1223.0 194.0 0.0 0.0 0.0 0.0 0.0 0.0 -10.0 0.7245
161 468 Car 0 0 -10.0 0.0 195.0 297.0 363.0 0.0 0.0 0.0 0.0 0.0 0.0 -10.0 0.9369
161 469 Cyclist 0 0 -10.0 976.0 143.0 1014.0 213.0 0.0 0.0 0.0 0.0 0.0 0.0 -10.0 0.8909
161 534 Car 0 0 -10.0 1146.0 151.0 1223.0 193.0 0.0 0.0 0.0 0.0 0.0 0.0 -10.0 0.6571
162 468 Car 0 0 -10.0 0.0 195.0 297.0 363.0 0.0 0.0 0.0 0.0 0.0 0.0 -10.0 0.9357
162 469 Cyclist 0 0 -10.0 976.0 143.0 1014.0 213.0 0.0 0.0 0.0 0.0 0.0 0.0 -10.0 0.8906
162 534 Car 0 0 -10.0 1162.0 153.0 1224.0 192.0 0.0 0.0 0.0 0.0 0.0 0.0 -10.0 0.6189
163 468 Car 0 0 -10.0 0.0 195.0 297.0 363.0 0.0 0.0 0.0 0.0 0.0 0.0 -10.0 0.9355
163 469 Cyclist 0 0 -10.0 976.0 144.0 1014.0 213.0 0.0 0.0 0.0 0.0 0.0 0.0 -10.0 0.89
164 468 Car 0 0 -10.0 0.0 195.0 297.0 363.0 0.0 0.0 0.0 0.0 0.0 0.0 -10.0 0.9372
164 469 Cyclist 0 0 -10.0 976.0 143.0 1014.0 213.0 0.0 0.0 0.0 0.0 0.0 0.0 -10.0 0.887
165 468 Car 0 0 -10.0 0.0 195.0 297.0 363.0 0.0 0.0 0.0 0.0 0.0 0.0 -10.0 0.9352
165 469 Cyclist 0 0 -10.0 976.0 143.0 1014.0 213.0 0.0 0.0 0.0 0.0 0.0 0.0 -10.0 0.8871
166 468 Car 0 0 -10.0 0.0 196.0 297.0 363.0 0.0 0.0 0.0 0.0 0.0 0.0 -10.0 0.9377
166 469 Cyclist 0 0 -10.0 976.0 143.0 1014.0 213.0 0.0 0.0 0.0 0.0 0.0 0.0 -10.0 0.8859
167 468 Car 0 0 -10.0 0.0 195.0 297.0 363.0 0.0 0.0 0.0 0.0 0.0 0.0 -10.0 0.9353
167 469 Cyclist 0 0 -10.0 976.0 143.0 1014.0 213.0 0.0 0.0 0.0 0.0 0.0 0.0 -10.0 0.8846
168 468 Car 0 0 -10.0 0.0 195.0 297.0 363.0 0.0 0.0 0.0 0.0 0.0 0.0 -10.0 0.9364
168 469 Cyclist 0 0 -10.0 976.0 143.0 1014.0 213.0 0.0 0.0 0.0 0.0 0.0 0.0 -10.0 0.8824
169 468 Car 0 0 -10.0 0.0 196.0 297.0 363.0 0.0 0.0 0.0 0.0 0.0 0.0 -10.0 0.9368
169 469 Cyclist 0 0 -10.0 976.0 143.0 1014.0 213.0 0.0 0.0 0.0 0.0 0.0 0.0 -10.0 0.8828
170 468 Car 0 0 -10.0 0.0 195.0 297.0 363.0 0.0 0.0 0.0 0.0 0.0 0.0 -10.0 0.9363
170 469 Cyclist 0 0 -10.0 976.0 143.0 1014.0 213.0 0.0 0.0 0.0 0.0 0.0 0.0 -10.0 0.889
171 468 Car 0 0 -10.0 0.0 195.0 297.0 363.0 0.0 0.0 0.0 0.0 0.0 0.0 -10.0 0.936
171 469 Cyclist 0 0 -10.0 976.0 143.0 1014.0 213.0 0.0 0.0 0.0 0.0 0.0 0.0 -10.0 0.8865
172 468 Car 0 0 -10.0 0.0 195.0 297.0 363.0 0.0 0.0 0.0 0.0 0.0 0.0 -10.0 0.9364
172 469 Cyclist 0 0 -10.0 976.0 144.0 1014.0 213.0 0.0 0.0 0.0 0.0 0.0 0.0 -10.0 0.8882
173 468 Car 0 0 -10.0 0.0 195.0 297.0 363.0 0.0 0.0 0.0 0.0 0.0 0.0 -10.0 0.9355
173 469 Cyclist 0 0 -10.0 976.0 144.0 1014.0 213.0 0.0 0.0 0.0 0.0 0.0 0.0 -10.0 0.888
174 468 Car 0 0 -10.0 0.0 196.0 297.0 363.0 0.0 0.0 0.0 0.0 0.0 0.0 -10.0 0.9349
174 469 Cyclist 0 0 -10.0 976.0 144.0 1014.0 213.0 0.0 0.0 0.0 0.0 0.0 0.0 -10.0 0.8912
175 468 Car 0 0 -10.0 0.0 196.0 297.0 363.0 0.0 0.0 0.0 0.0 0.0 0.0 -10.0 0.9356
175 469 Cyclist 0 0 -10.0 977.0 144.0 1014.0 213.0 0.0 0.0 0.0 0.0 0.0 0.0 -10.0 0.8892
176 468 Car 0 0 -10.0 0.0 195.0 297.0 363.0 0.0 0.0 0.0 0.0 0.0 0.0 -10.0 0.9355
176 469 Cyclist 0 0 -10.0 977.0 143.0 1014.0 213.0 0.0 0.0 0.0 0.0 0.0 0.0 -10.0 0.8871
177 468 Car 0 0 -10.0 0.0 195.0 297.0 363.0 0.0 0.0 0.0 0.0 0.0 0.0 -10.0 0.9355
177 469 Cyclist 0 0 -10.0 977.0 143.0 1014.0 213.0 0.0 0.0 0.0 0.0 0.0 0.0 -10.0 0.8888
178 468 Car 0 0 -10.0 0.0 195.0 297.0 363.0 0.0 0.0 0.0 0.0 0.0 0.0 -10.0 0.9348
178 469 Cyclist 0 0 -10.0 977.0 144.0 1014.0 213.0 0.0 0.0 0.0 0.0 0.0 0.0 -10.0 0.8923
179 468 Car 0 0 -10.0 0.0 196.0 297.0 363.0 0.0 0.0 0.0 0.0 0.0 0.0 -10.0 0.9348
179 469 Cyclist 0 0 -10.0 977.0 144.0 1014.0 213.0 0.0 0.0 0.0 0.0 0.0 0.0 -10.0 0.893
180 468 Car 0 0 -10.0 0.0 196.0 297.0 363.0 0.0 0.0 0.0 0.0 0.0 0.0 -10.0 0.935
180 469 Cyclist 0 0 -10.0 977.0 143.0 1014.0 213.0 0.0 0.0 0.0 0.0 0.0 0.0 -10.0 0.8873
181 468 Car 0 0 -10.0 0.0 196.0 297.0 363.0 0.0 0.0 0.0 0.0 0.0 0.0 -10.0 0.9354
181 469 Cyclist 0 0 -10.0 977.0 144.0 1014.0 213.0 0.0 0.0 0.0 0.0 0.0 0.0 -10.0 0.8872
182 468 Car 0 0 -10.0 0.0 195.0 297.0 363.0 0.0 0.0 0.0 0.0 0.0 0.0 -10.0 0.9374
182 469 Cyclist 0 0 -10.0 977.0 144.0 1014.0 213.0 0.0 0.0 0.0 0.0 0.0 0.0 -10.0 0.891
183 468 Car 0 0 -10.0 0.0 196.0 297.0 363.0 0.0 0.0 0.0 0.0 0.0 0.0 -10.0 0.9356
183 469 Cyclist 0 0 -10.0 977.0 144.0 1014.0 213.0 0.0 0.0 0.0 0.0 0.0 0.0 -10.0 0.8917
184 468 Car 0 0 -10.0 0.0 196.0 297.0 363.0 0.0 0.0 0.0 0.0 0.0 0.0 -10.0 0.9353
184 469 Cyclist 0 0 -10.0 977.0 144.0 1014.0 213.0 0.0 0.0 0.0 0.0 0.0 0.0 -10.0 0.8916
185 468 Car 0 0 -10.0 0.0 196.0 297.0 363.0 0.0 0.0 0.0 0.0 0.0 0.0 -10.0 0.9354
185 469 Cyclist 0 0 -10.0 977.0 144.0 1014.0 213.0 0.0 0.0 0.0 0.0 0.0 0.0 -10.0 0.8894
186 468 Car 0 0 -10.0 0.0 195.0 297.0 363.0 0.0 0.0 0.0 0.0 0.0 0.0 -10.0 0.9352
186 469 Cyclist 0 0 -10.0 977.0 144.0 1014.0 213.0 0.0 0.0 0.0 0.0 0.0 0.0 -10.0 0.8891
187 468 Car 0 0 -10.0 0.0 195.0 297.0 363.0 0.0 0.0 0.0 0.0 0.0 0.0 -10.0 0.9358
187 469 Cyclist 0 0 -10.0 977.0 143.0 1014.0 213.0 0.0 0.0 0.0 0.0 0.0 0.0 -10.0 0.8837
188 468 Car 0 0 -10.0 0.0 195.0 297.0 363.0 0.0 0.0 0.0 0.0 0.0 0.0 -10.0 0.9348
188 469 Cyclist 0 0 -10.0 977.0 143.0 1014.0 213.0 0.0 0.0 0.0 0.0 0.0 0.0 -10.0 0.8883
189 468 Car 0 0 -10.0 0.0 195.0 297.0 363.0 0.0 0.0 0.0 0.0 0.0 0.0 -10.0 0.9355
189 469 Cyclist 0 0 -10.0 977.0 143.0 1014.0 213.0 0.0 0.0 0.0 0.0 0.0 0.0 -10.0 0.8887
189 538 Car 0 0 -10.0 465.0 164.0 495.0 186.0 0.0 0.0 0.0 0.0 0.0 0.0 -10.0 0.7485
190 468 Car 0 0 -10.0 0.0 195.0 297.0 363.0 0.0 0.0 0.0 0.0 0.0 0.0 -10.0 0.935
190 469 Cyclist 0 0 -10.0 977.0 143.0 1014.0 213.0 0.0 0.0 0.0 0.0 0.0 0.0 -10.0 0.8857
190 538 Car 0 0 -10.0 462.0 164.0 491.0 186.0 0.0 0.0 0.0 0.0 0.0 0.0 -10.0 0.6417
191 468 Car 0 0 -10.0 0.0 195.0 297.0 363.0 0.0 0.0 0.0 0.0 0.0 0.0 -10.0 0.9351
191 469 Cyclist 0 0 -10.0 977.0 143.0 1014.0 213.0 0.0 0.0 0.0 0.0 0.0 0.0 -10.0 0.8854
191 538 Car 0 0 -10.0 458.0 165.0 487.0 187.0 0.0 0.0 0.0 0.0 0.0 0.0 -10.0 0.6887
192 468 Car 0 0 -10.0 0.0 195.0 297.0 363.0 0.0 0.0 0.0 0.0 0.0 0.0 -10.0 0.9349
192 469 Cyclist 0 0 -10.0 977.0 143.0 1014.0 213.0 0.0 0.0 0.0 0.0 0.0 0.0 -10.0 0.8876
192 538 Car 0 0 -10.0 453.0 165.0 482.0 187.0 0.0 0.0 0.0 0.0 0.0 0.0 -10.0 0.7154
193 468 Car 0 0 -10.0 0.0 195.0 297.0 363.0 0.0 0.0 0.0 0.0 0.0 0.0 -10.0 0.9345
193 469 Cyclist 0 0 -10.0 977.0 143.0 1014.0 213.0 0.0 0.0 0.0 0.0 0.0 0.0 -10.0 0.8891
193 538 Car 0 0 -10.0 450.0 165.0 479.0 188.0 0.0 0.0 0.0 0.0 0.0 0.0 -10.0 0.7637
194 468 Car 0 0 -10.0 0.0 195.0 297.0 363.0 0.0 0.0 0.0 0.0 0.0 0.0 -10.0 0.9358
194 469 Cyclist 0 0 -10.0 977.0 144.0 1014.0 213.0 0.0 0.0 0.0 0.0 0.0 0.0 -10.0 0.8881
194 538 Car 0 0 -10.0 448.0 165.0 477.0 188.0 0.0 0.0 0.0 0.0 0.0 0.0 -10.0 0.7653
195 468 Car 0 0 -10.0 0.0 196.0 297.0 363.0 0.0 0.0 0.0 0.0 0.0 0.0 -10.0 0.9372
195 469 Cyclist 0 0 -10.0 977.0 143.0 1014.0 213.0 0.0 0.0 0.0 0.0 0.0 0.0 -10.0 0.8897
195 538 Car 0 0 -10.0 445.0 166.0 475.0 189.0 0.0 0.0 0.0 0.0 0.0 0.0 -10.0 0.7942
196 468 Car 0 0 -10.0 0.0 195.0 297.0 363.0 0.0 0.0 0.0 0.0 0.0 0.0 -10.0 0.9357
196 469 Cyclist 0 0 -10.0 977.0 143.0 1014.0 213.0 0.0 0.0 0.0 0.0 0.0 0.0 -10.0 0.8875
196 538 Car 0 0 -10.0 441.0 166.0 473.0 189.0 0.0 0.0 0.0 0.0 0.0 0.0 -10.0 0.7754
197 468 Car 0 0 -10.0 0.0 195.0 297.0 363.0 0.0 0.0 0.0 0.0 0.0 0.0 -10.0 0.935
197 469 Cyclist 0 0 -10.0 977.0 143.0 1014.0 213.0 0.0 0.0 0.0 0.0 0.0 0.0 -10.0 0.8909
197 538 Car 0 0 -10.0 438.0 167.0 470.0 190.0 0.0 0.0 0.0 0.0 0.0 0.0 -10.0 0.8048
198 468 Car 0 0 -10.0 0.0 196.0 297.0 363.0 0.0 0.0 0.0 0.0 0.0 0.0 -10.0 0.934
198 469 Cyclist 0 0 -10.0 977.0 144.0 1014.0 213.0 0.0 0.0 0.0 0.0 0.0 0.0 -10.0 0.8926
198 538 Car 0 0 -10.0 436.0 167.0 469.0 191.0 0.0 0.0 0.0 0.0 0.0 0.0 -10.0 0.8221
199 468 Car 0 0 -10.0 0.0 196.0 297.0 363.0 0.0 0.0 0.0 0.0 0.0 0.0 -10.0 0.9353
199 469 Cyclist 0 0 -10.0 977.0 144.0 1014.0 213.0 0.0 0.0 0.0 0.0 0.0 0.0 -10.0 0.8837
199 538 Car 0 0 -10.0 434.0 168.0 467.0 192.0 0.0 0.0 0.0 0.0 0.0 0.0 -10.0 0.8384
200 468 Car 0 0 -10.0 0.0 196.0 297.0 363.0 0.0 0.0 0.0 0.0 0.0 0.0 -10.0 0.9373
200 469 Cyclist 0 0 -10.0 977.0 144.0 1014.0 213.0 0.0 0.0 0.0 0.0 0.0 0.0 -10.0 0.8854
200 538 Car 0 0 -10.0 432.0 168.0 466.0 193.0 0.0 0.0 0.0 0.0 0.0 0.0 -10.0 0.8569
201 468 Car 0 0 -10.0 0.0 196.0 297.0 363.0 0.0 0.0 0.0 0.0 0.0 0.0 -10.0 0.935
201 469 Cyclist 0 0 -10.0 977.0 143.0 1014.0 213.0 0.0 0.0 0.0 0.0 0.0 0.0 -10.0 0.8857
201 538 Car 0 0 -10.0 431.0 168.0 465.0 193.0 0.0 0.0 0.0 0.0 0.0 0.0 -10.0 0.8554
202 468 Car 0 0 -10.0 0.0 196.0 297.0 363.0 0.0 0.0 0.0 0.0 0.0 0.0 -10.0 0.9346
202 469 Cyclist 0 0 -10.0 977.0 144.0 1014.0 213.0 0.0 0.0 0.0 0.0 0.0 0.0 -10.0 0.8853
202 538 Car 0 0 -10.0 429.0 169.0 464.0 194.0 0.0 0.0 0.0 0.0 0.0 0.0 -10.0 0.8471
203 468 Car 0 0 -10.0 0.0 195.0 297.0 363.0 0.0 0.0 0.0 0.0 0.0 0.0 -10.0 0.9357
203 469 Cyclist 0 0 -10.0 977.0 144.0 1014.0 213.0 0.0 0.0 0.0 0.0 0.0 0.0 -10.0 0.8859
203 538 Car 0 0 -10.0 428.0 169.0 463.0 194.0 0.0 0.0 0.0 0.0 0.0 0.0 -10.0 0.8481
204 468 Car 0 0 -10.0 0.0 196.0 297.0 363.0 0.0 0.0 0.0 0.0 0.0 0.0 -10.0 0.935
204 469 Cyclist 0 0 -10.0 977.0 144.0 1014.0 213.0 0.0 0.0 0.0 0.0 0.0 0.0 -10.0 0.8882
204 538 Car 0 0 -10.0 426.0 169.0 461.0 195.0 0.0 0.0 0.0 0.0 0.0 0.0 -10.0 0.8447
205 468 Car 0 0 -10.0 0.0 196.0 297.0 363.0 0.0 0.0 0.0 0.0 0.0 0.0 -10.0 0.9361
205 469 Cyclist 0 0 -10.0 977.0 144.0 1014.0 213.0 0.0 0.0 0.0 0.0 0.0 0.0 -10.0 0.8864
205 538 Car 0 0 -10.0 424.0 170.0 460.0 196.0 0.0 0.0 0.0 0.0 0.0 0.0 -10.0 0.8345
206 468 Car 0 0 -10.0 0.0 196.0 297.0 363.0 0.0 0.0 0.0 0.0 0.0 0.0 -10.0 0.9362
206 469 Cyclist 0 0 -10.0 977.0 144.0 1014.0 213.0 0.0 0.0 0.0 0.0 0.0 0.0 -10.0 0.8874
206 538 Car 0 0 -10.0 422.0 171.0 459.0 197.0 0.0 0.0 0.0 0.0 0.0 0.0 -10.0 0.8407
207 468 Car 0 0 -10.0 0.0 196.0 297.0 363.0 0.0 0.0 0.0 0.0 0.0 0.0 -10.0 0.9357
207 469 Cyclist 0 0 -10.0 977.0 144.0 1014.0 213.0 0.0 0.0 0.0 0.0 0.0 0.0 -10.0 0.8859
207 538 Car 0 0 -10.0 421.0 171.0 458.0 198.0 0.0 0.0 0.0 0.0 0.0 0.0 -10.0 0.8482
208 468 Car 0 0 -10.0 0.0 195.0 297.0 363.0 0.0 0.0 0.0 0.0 0.0 0.0 -10.0 0.936
208 469 Cyclist 0 0 -10.0 977.0 143.0 1014.0 213.0 0.0 0.0 0.0 0.0 0.0 0.0 -10.0 0.8854
208 538 Car 0 0 -10.0 420.0 171.0 458.0 199.0 0.0 0.0 0.0 0.0 0.0 0.0 -10.0 0.8566
209 468 Car 0 0 -10.0 0.0 196.0 297.0 363.0 0.0 0.0 0.0 0.0 0.0 0.0 -10.0 0.9343
209 469 Cyclist 0 0 -10.0 977.0 143.0 1014.0 213.0 0.0 0.0 0.0 0.0 0.0 0.0 -10.0 0.8859
209 538 Car 0 0 -10.0 420.0 171.0 458.0 200.0 0.0 0.0 0.0 0.0 0.0 0.0 -10.0 0.8557
209 542 Car 0 0 -10.0 398.0 166.0 438.0 191.0 0.0 0.0 0.0 0.0 0.0 0.0 -10.0 0.4128
210 468 Car 0 0 -10.0 0.0 195.0 297.0 363.0 0.0 0.0 0.0 0.0 0.0 0.0 -10.0 0.9352
210 469 Cyclist 0 0 -10.0 977.0 144.0 1014.0 213.0 0.0 0.0 0.0 0.0 0.0 0.0 -10.0 0.8886
210 538 Car 0 0 -10.0 420.0 171.0 458.0 201.0 0.0 0.0 0.0 0.0 0.0 0.0 -10.0 0.8536
210 542 Car 0 0 -10.0 397.0 167.0 429.0 191.0 0.0 0.0 0.0 0.0 0.0 0.0 -10.0 0.3278
211 468 Car 0 0 -10.0 0.0 195.0 297.0 363.0 0.0 0.0 0.0 0.0 0.0 0.0 -10.0 0.9345
211 469 Cyclist 0 0 -10.0 977.0 144.0 1014.0 213.0 0.0 0.0 0.0 0.0 0.0 0.0 -10.0 0.8866
211 538 Car 0 0 -10.0 420.0 171.0 460.0 202.0 0.0 0.0 0.0 0.0 0.0 0.0 -10.0 0.8566
211 542 Car 0 0 -10.0 397.0 167.0 429.0 191.0 0.0 0.0 0.0 0.0 0.0 0.0 -10.0 0.1476
212 468 Car 0 0 -10.0 0.0 195.0 297.0 363.0 0.0 0.0 0.0 0.0 0.0 0.0 -10.0 0.9353
212 469 Cyclist 0 0 -10.0 977.0 144.0 1014.0 213.0 0.0 0.0 0.0 0.0 0.0 0.0 -10.0 0.8869
212 538 Car 0 0 -10.0 420.0 171.0 465.0 202.0 0.0 0.0 0.0 0.0 0.0 0.0 -10.0 0.846
212 542 Car 0 0 -10.0 393.0 166.0 425.0 191.0 0.0 0.0 0.0 0.0 0.0 0.0 -10.0 0.3714
213 468 Car 0 0 -10.0 0.0 195.0 297.0 363.0 0.0 0.0 0.0 0.0 0.0 0.0 -10.0 0.9357
213 469 Cyclist 0 0 -10.0 977.0 143.0 1014.0 213.0 0.0 0.0 0.0 0.0 0.0 0.0 -10.0 0.8869
213 538 Car 0 0 -10.0 422.0 170.0 471.0 203.0 0.0 0.0 0.0 0.0 0.0 0.0 -10.0 0.8382
213 542 Car 0 0 -10.0 387.0 167.0 419.0 191.0 0.0 0.0 0.0 0.0 0.0 0.0 -10.0 0.6877
214 468 Car 0 0 -10.0 0.0 195.0 297.0 363.0 0.0 0.0 0.0 0.0 0.0 0.0 -10.0 0.935
214 469 Cyclist 0 0 -10.0 977.0 143.0 1015.0 213.0 0.0 0.0 0.0 0.0 0.0 0.0 -10.0 0.8854
214 538 Car 0 0 -10.0 424.0 170.0 480.0 205.0 0.0 0.0 0.0 0.0 0.0 0.0 -10.0 0.8499
214 542 Car 0 0 -10.0 382.0 169.0 415.0 191.0 0.0 0.0 0.0 0.0 0.0 0.0 -10.0 0.6181
215 468 Car 0 0 -10.0 0.0 195.0 297.0 363.0 0.0 0.0 0.0 0.0 0.0 0.0 -10.0 0.9348
215 469 Cyclist 0 0 -10.0 977.0 143.0 1015.0 213.0 0.0 0.0 0.0 0.0 0.0 0.0 -10.0 0.8837
215 538 Car 0 0 -10.0 427.0 169.0 489.0 205.0 0.0 0.0 0.0 0.0 0.0 0.0 -10.0 0.8559
215 542 Car 0 0 -10.0 376.0 170.0 410.0 193.0 0.0 0.0 0.0 0.0 0.0 0.0 -10.0 0.7698
216 468 Car 0 0 -10.0 0.0 195.0 297.0 363.0 0.0 0.0 0.0 0.0 0.0 0.0 -10.0 0.9348
216 469 Cyclist 0 0 -10.0 977.0 143.0 1015.0 213.0 0.0 0.0 0.0 0.0 0.0 0.0 -10.0 0.886
216 538 Car 0 0 -10.0 432.0 169.0 500.0 206.0 0.0 0.0 0.0 0.0 0.0 0.0 -10.0 0.8501
216 542 Car 0 0 -10.0 372.0 171.0 407.0 194.0 0.0 0.0 0.0 0.0 0.0 0.0 -10.0 0.7462
217 468 Car 0 0 -10.0 0.0 195.0 297.0 363.0 0.0 0.0 0.0 0.0 0.0 0.0 -10.0 0.9348
217 469 Cyclist 0 0 -10.0 977.0 144.0 1014.0 213.0 0.0 0.0 0.0 0.0 0.0 0.0 -10.0 0.8863
217 538 Car 0 0 -10.0 437.0 168.0 514.0 206.0 0.0 0.0 0.0 0.0 0.0 0.0 -10.0 0.8564
217 542 Car 0 0 -10.0 369.0 171.0 406.0 194.0 0.0 0.0 0.0 0.0 0.0 0.0 -10.0 0.8333
218 468 Car 0 0 -10.0 0.0 195.0 297.0 363.0 0.0 0.0 0.0 0.0 0.0 0.0 -10.0 0.9342
218 469 Cyclist 0 0 -10.0 977.0 144.0 1014.0 213.0 0.0 0.0 0.0 0.0 0.0 0.0 -10.0 0.8843
218 538 Car 0 0 -10.0 443.0 167.0 530.0 207.0 0.0 0.0 0.0 0.0 0.0 0.0 -10.0 0.8631
218 542 Car 0 0 -10.0 365.0 171.0 403.0 194.0 0.0 0.0 0.0 0.0 0.0 0.0 -10.0 0.8673
219 468 Car 0 0 -10.0 0.0 195.0 297.0 363.0 0.0 0.0 0.0 0.0 0.0 0.0 -10.0 0.9338
219 469 Cyclist 0 0 -10.0 977.0 144.0 1014.0 213.0 0.0 0.0 0.0 0.0 0.0 0.0 -10.0 0.8902
219 538 Car 0 0 -10.0 451.0 166.0 546.0 208.0 0.0 0.0 0.0 0.0 0.0 0.0 -10.0 0.8734
219 542 Car 0 0 -10.0 362.0 171.0 399.0 195.0 0.0 0.0 0.0 0.0 0.0 0.0 -10.0 0.8299
220 468 Car 0 0 -10.0 0.0 195.0 297.0 363.0 0.0 0.0 0.0 0.0 0.0 0.0 -10.0 0.9343
220 469 Cyclist 0 0 -10.0 977.0 144.0 1014.0 213.0 0.0 0.0 0.0 0.0 0.0 0.0 -10.0 0.8889
220 538 Car 0 0 -10.0 459.0 165.0 567.0 208.0 0.0 0.0 0.0 0.0 0.0 0.0 -10.0 0.8726
220 542 Car 0 0 -10.0 358.0 172.0 395.0 195.0 0.0 0.0 0.0 0.0 0.0 0.0 -10.0 0.8262
221 468 Car 0 0 -10.0 0.0 195.0 297.0 363.0 0.0 0.0 0.0 0.0 0.0 0.0 -10.0 0.9341
221 469 Cyclist 0 0 -10.0 977.0 144.0 1014.0 213.0 0.0 0.0 0.0 0.0 0.0 0.0 -10.0 0.8867
221 538 Car 0 0 -10.0 470.0 164.0 587.0 208.0 0.0 0.0 0.0 0.0 0.0 0.0 -10.0 0.8745
221 542 Car 0 0 -10.0 355.0 171.0 394.0 195.0 0.0 0.0 0.0 0.0 0.0 0.0 -10.0 0.8134
222 468 Car 0 0 -10.0 0.0 195.0 297.0 363.0 0.0 0.0 0.0 0.0 0.0 0.0 -10.0 0.9328
222 469 Cyclist 0 0 -10.0 977.0 143.0 1015.0 213.0 0.0 0.0 0.0 0.0 0.0 0.0 -10.0 0.8879
222 538 Car 0 0 -10.0 488.0 165.0 605.0 208.0 0.0 0.0 0.0 0.0 0.0 0.0 -10.0 0.8631
222 542 Car 0 0 -10.0 350.0 171.0 391.0 196.0 0.0 0.0 0.0 0.0 0.0 0.0 -10.0 0.8329
223 468 Car 0 0 -10.0 0.0 195.0 297.0 363.0 0.0 0.0 0.0 0.0 0.0 0.0 -10.0 0.9335
223 469 Cyclist 0 0 -10.0 977.0 144.0 1014.0 213.0 0.0 0.0 0.0 0.0 0.0 0.0 -10.0 0.8903
223 538 Car 0 0 -10.0 504.0 164.0 614.0 208.0 0.0 0.0 0.0 0.0 0.0 0.0 -10.0 0.8847
223 542 Car 0 0 -10.0 346.0 171.0 388.0 197.0 0.0 0.0 0.0 0.0 0.0 0.0 -10.0 0.8421
223 544 Car 0 0 -10.0 449.0 167.0 477.0 188.0 0.0 0.0 0.0 0.0 0.0 0.0 -10.0 0.5751
224 468 Car 0 0 -10.0 0.0 196.0 297.0 363.0 0.0 0.0 0.0 0.0 0.0 0.0 -10.0 0.9352
224 469 Cyclist 0 0 -10.0 977.0 143.0 1014.0 213.0 0.0 0.0 0.0 0.0 0.0 0.0 -10.0 0.8872
224 538 Car 0 0 -10.0 526.0 164.0 618.0 209.0 0.0 0.0 0.0 0.0 0.0 0.0 -10.0 0.8893
224 542 Car 0 0 -10.0 340.0 172.0 384.0 198.0 0.0 0.0 0.0 0.0 0.0 0.0 -10.0 0.8564
224 544 Car 0 0 -10.0 449.0 168.0 475.0 189.0 0.0 0.0 0.0 0.0 0.0 0.0 -10.0 0.6286
225 468 Car 0 0 -10.0 0.0 195.0 297.0 363.0 0.0 0.0 0.0 0.0 0.0 0.0 -10.0 0.9336
225 469 Cyclist 0 0 -10.0 977.0 143.0 1015.0 213.0 0.0 0.0 0.0 0.0 0.0 0.0 -10.0 0.8868
225 538 Car 0 0 -10.0 548.0 163.0 619.0 208.0 0.0 0.0 0.0 0.0 0.0 0.0 -10.0 0.8196
225 542 Car 0 0 -10.0 335.0 172.0 381.0 198.0 0.0 0.0 0.0 0.0 0.0 0.0 -10.0 0.8289
225 544 Car 0 0 -10.0 447.0 169.0 473.0 190.0 0.0 0.0 0.0 0.0 0.0 0.0 -10.0 0.6664
226 468 Car 0 0 -10.0 0.0 195.0 297.0 363.0 0.0 0.0 0.0 0.0 0.0 0.0 -10.0 0.9351
226 469 Cyclist 0 0 -10.0 977.0 143.0 1014.0 213.0 0.0 0.0 0.0 0.0 0.0 0.0 -10.0 0.8881
226 538 Car 0 0 -10.0 575.0 163.0 617.0 207.0 0.0 0.0 0.0 0.0 0.0 0.0 -10.0 0.7138
226 542 Car 0 0 -10.0 330.0 172.0 378.0 199.0 0.0 0.0 0.0 0.0 0.0 0.0 -10.0 0.8282
226 544 Car 0 0 -10.0 445.0 168.0 472.0 190.0 0.0 0.0 0.0 0.0 0.0 0.0 -10.0 0.7075
227 468 Car 0 0 -10.0 0.0 196.0 297.0 363.0 0.0 0.0 0.0 0.0 0.0 0.0 -10.0 0.9338
227 469 Cyclist 0 0 -10.0 977.0 143.0 1014.0 213.0 0.0 0.0 0.0 0.0 0.0 0.0 -10.0 0.889
227 542 Car 0 0 -10.0 326.0 173.0 374.0 200.0 0.0 0.0 0.0 0.0 0.0 0.0 -10.0 0.8412
227 544 Car 0 0 -10.0 443.0 168.0 471.0 190.0 0.0 0.0 0.0 0.0 0.0 0.0 -10.0 0.7251
228 468 Car 0 0 -10.0 0.0 195.0 297.0 363.0 0.0 0.0 0.0 0.0 0.0 0.0 -10.0 0.9328
228 469 Cyclist 0 0 -10.0 977.0 143.0 1015.0 213.0 0.0 0.0 0.0 0.0 0.0 0.0 -10.0 0.8877
228 542 Car 0 0 -10.0 322.0 173.0 369.0 200.0 0.0 0.0 0.0 0.0 0.0 0.0 -10.0 0.8429
228 544 Car 0 0 -10.0 441.0 168.0 469.0 190.0 0.0 0.0 0.0 0.0 0.0 0.0 -10.0 0.7837
229 468 Car 0 0 -10.0 0.0 196.0 297.0 363.0 0.0 0.0 0.0 0.0 0.0 0.0 -10.0 0.9333
229 469 Cyclist 0 0 -10.0 977.0 143.0 1015.0 213.0 0.0 0.0 0.0 0.0 0.0 0.0 -10.0 0.8838
229 542 Car 0 0 -10.0 314.0 173.0 366.0 202.0 0.0 0.0 0.0 0.0 0.0 0.0 -10.0 0.835
229 544 Car 0 0 -10.0 439.0 169.0 469.0 192.0 0.0 0.0 0.0 0.0 0.0 0.0 -10.0 0.8166
230 468 Car 0 0 -10.0 0.0 195.0 297.0 363.0 0.0 0.0 0.0 0.0 0.0 0.0 -10.0 0.9337
230 469 Cyclist 0 0 -10.0 977.0 143.0 1015.0 213.0 0.0 0.0 0.0 0.0 0.0 0.0 -10.0 0.8852
230 542 Car 0 0 -10.0 308.0 173.0 362.0 203.0 0.0 0.0 0.0 0.0 0.0 0.0 -10.0 0.8347
230 544 Car 0 0 -10.0 438.0 169.0 468.0 192.0 0.0 0.0 0.0 0.0 0.0 0.0 -10.0 0.8242
231 468 Car 0 0 -10.0 0.0 195.0 297.0 363.0 0.0 0.0 0.0 0.0 0.0 0.0 -10.0 0.9331
231 469 Cyclist 0 0 -10.0 977.0 143.0 1014.0 213.0 0.0 0.0 0.0 0.0 0.0 0.0 -10.0 0.89
231 542 Car 0 0 -10.0 301.0 173.0 357.0 204.0 0.0 0.0 0.0 0.0 0.0 0.0 -10.0 0.8409
231 544 Car 0 0 -10.0 436.0 169.0 468.0 192.0 0.0 0.0 0.0 0.0 0.0 0.0 -10.0 0.8404
232 468 Car 0 0 -10.0 0.0 195.0 297.0 363.0 0.0 0.0 0.0 0.0 0.0 0.0 -10.0 0.9353
232 469 Cyclist 0 0 -10.0 977.0 144.0 1014.0 213.0 0.0 0.0 0.0 0.0 0.0 0.0 -10.0 0.8938
232 542 Car 0 0 -10.0 296.0 173.0 352.0 204.0 0.0 0.0 0.0 0.0 0.0 0.0 -10.0 0.8346
232 544 Car 0 0 -10.0 435.0 169.0 467.0 193.0 0.0 0.0 0.0 0.0 0.0 0.0 -10.0 0.8474
233 468 Car 0 0 -10.0 0.0 195.0 297.0 363.0 0.0 0.0 0.0 0.0 0.0 0.0 -10.0 0.935
233 469 Cyclist 0 0 -10.0 977.0 144.0 1014.0 213.0 0.0 0.0 0.0 0.0 0.0 0.0 -10.0 0.8917
233 542 Car 0 0 -10.0 292.0 173.0 348.0 205.0 0.0 0.0 0.0 0.0 0.0 0.0 -10.0 0.8211
233 544 Car 0 0 -10.0 434.0 169.0 466.0 193.0 0.0 0.0 0.0 0.0 0.0 0.0 -10.0 0.8488
234 468 Car 0 0 -10.0 0.0 195.0 297.0 363.0 0.0 0.0 0.0 0.0 0.0 0.0 -10.0 0.9344
234 469 Cyclist 0 0 -10.0 976.0 144.0 1014.0 213.0 0.0 0.0 0.0 0.0 0.0 0.0 -10.0 0.8913
234 542 Car 0 0 -10.0 288.0 173.0 344.0 207.0 0.0 0.0 0.0 0.0 0.0 0.0 -10.0 0.8341
234 544 Car 0 0 -10.0 432.0 170.0 465.0 193.0 0.0 0.0 0.0 0.0 0.0 0.0 -10.0 0.8521
235 468 Car 0 0 -10.0 0.0 195.0 297.0 363.0 0.0 0.0 0.0 0.0 0.0 0.0 -10.0 0.9355
235 469 Cyclist 0 0 -10.0 976.0 144.0 1013.0 213.0 0.0 0.0 0.0 0.0 0.0 0.0 -10.0 0.8759
235 542 Car 0 0 -10.0 285.0 174.0 339.0 208.0 0.0 0.0 0.0 0.0 0.0 0.0 -10.0 0.8158
235 544 Car 0 0 -10.0 430.0 170.0 464.0 194.0 0.0 0.0 0.0 0.0 0.0 0.0 -10.0 0.8548
235 545 Car 0 0 -10.0 846.0 160.0 956.0 201.0 0.0 0.0 0.0 0.0 0.0 0.0 -10.0 0.7354
236 468 Car 0 0 -10.0 0.0 195.0 297.0 363.0 0.0 0.0 0.0 0.0 0.0 0.0 -10.0 0.9375
236 469 Cyclist 0 0 -10.0 974.0 143.0 1013.0 212.0 0.0 0.0 0.0 0.0 0.0 0.0 -10.0 0.8612
236 542 Car 0 0 -10.0 270.0 173.0 334.0 209.0 0.0 0.0 0.0 0.0 0.0 0.0 -10.0 0.7907
236 544 Car 0 0 -10.0 429.0 170.0 463.0 194.0 0.0 0.0 0.0 0.0 0.0 0.0 -10.0 0.8537
236 545 Car 0 0 -10.0 848.0 158.0 995.0 203.0 0.0 0.0 0.0 0.0 0.0 0.0 -10.0 0.7543
237 468 Car 0 0 -10.0 0.0 195.0 297.0 363.0 0.0 0.0 0.0 0.0 0.0 0.0 -10.0 0.935
237 469 Cyclist 0 0 -10.0 975.0 143.0 1013.0 212.0 0.0 0.0 0.0 0.0 0.0 0.0 -10.0 0.7995
237 542 Car 0 0 -10.0 258.0 171.0 327.0 211.0 0.0 0.0 0.0 0.0 0.0 0.0 -10.0 0.6935
237 544 Car 0 0 -10.0 429.0 170.0 462.0 194.0 0.0 0.0 0.0 0.0 0.0 0.0 -10.0 0.8513
237 545 Car 0 0 -10.0 857.0 157.0 1015.0 204.0 0.0 0.0 0.0 0.0 0.0 0.0 -10.0 0.7903
238 468 Car 0 0 -10.0 0.0 195.0 297.0 363.0 0.0 0.0 0.0 0.0 0.0 0.0 -10.0 0.9339
238 469 Cyclist 0 0 -10.0 976.0 145.0 1015.0 212.0 0.0 0.0 0.0 0.0 0.0 0.0 -10.0 0.7368
238 542 Car 0 0 -10.0 247.0 172.0 321.0 213.0 0.0 0.0 0.0 0.0 0.0 0.0 -10.0 0.8255
238 544 Car 0 0 -10.0 429.0 170.0 463.0 194.0 0.0 0.0 0.0 0.0 0.0 0.0 -10.0 0.8525
238 545 Car 0 0 -10.0 879.0 155.0 1029.0 202.0 0.0 0.0 0.0 0.0 0.0 0.0 -10.0 0.7645
239 468 Car 0 0 -10.0 0.0 194.0 297.0 363.0 0.0 0.0 0.0 0.0 0.0 0.0 -10.0 0.9354
239 469 Cyclist 0 0 -10.0 976.0 146.0 1013.0 212.0 0.0 0.0 0.0 0.0 0.0 0.0 -10.0 0.4094
239 542 Car 0 0 -10.0 237.0 174.0 313.0 215.0 0.0 0.0 0.0 0.0 0.0 0.0 -10.0 0.8488
239 544 Car 0 0 -10.0 430.0 170.0 465.0 195.0 0.0 0.0 0.0 0.0 0.0 0.0 -10.0 0.8371
239 545 Car 0 0 -10.0 906.0 154.0 1067.0 202.0 0.0 0.0 0.0 0.0 0.0 0.0 -10.0 0.7466
240 468 Car 0 0 -10.0 0.0 194.0 297.0 363.0 0.0 0.0 0.0 0.0 0.0 0.0 -10.0 0.9343
240 469 Cyclist 0 0 -10.0 977.0 145.0 1014.0 212.0 0.0 0.0 0.0 0.0 0.0 0.0 -10.0 0.6376
240 542 Car 0 0 -10.0 225.0 175.0 306.0 217.0 0.0 0.0 0.0 0.0 0.0 0.0 -10.0 0.8115
240 544 Car 0 0 -10.0 430.0 171.0 467.0 197.0 0.0 0.0 0.0 0.0 0.0 0.0 -10.0 0.8426
240 545 Car 0 0 -10.0 940.0 153.0 1103.0 201.0 0.0 0.0 0.0 0.0 0.0 0.0 -10.0 0.6954
241 468 Car 0 0 -10.0 1.0 194.0 297.0 363.0 0.0 0.0 0.0 0.0 0.0 0.0 -10.0 0.9336
241 469 Cyclist 0 0 -10.0 977.0 146.0 1013.0 213.0 0.0 0.0 0.0 0.0 0.0 0.0 -10.0 0.865
241 542 Car 0 0 -10.0 213.0 175.0 297.0 220.0 0.0 0.0 0.0 0.0 0.0 0.0 -10.0 0.8347
241 544 Car 0 0 -10.0 431.0 170.0 470.0 198.0 0.0 0.0 0.0 0.0 0.0 0.0 -10.0 0.853
241 545 Car 0 0 -10.0 974.0 152.0 1136.0 201.0 0.0 0.0 0.0 0.0 0.0 0.0 -10.0 0.7782
242 468 Car 0 0 -10.0 1.0 194.0 297.0 363.0 0.0 0.0 0.0 0.0 0.0 0.0 -10.0 0.93
242 469 Cyclist 0 0 -10.0 977.0 145.0 1014.0 213.0 0.0 0.0 0.0 0.0 0.0 0.0 -10.0 0.8777
242 542 Car 0 0 -10.0 198.0 176.0 290.0 222.0 0.0 0.0 0.0 0.0 0.0 0.0 -10.0 0.87
242 544 Car 0 0 -10.0 433.0 169.0 473.0 199.0 0.0 0.0 0.0 0.0 0.0 0.0 -10.0 0.8495
242 545 Car 0 0 -10.0 986.0 151.0 1164.0 200.0 0.0 0.0 0.0 0.0 0.0 0.0 -10.0 0.7687
243 468 Car 0 0 -10.0 1.0 193.0 297.0 362.0 0.0 0.0 0.0 0.0 0.0 0.0 -10.0 0.9278
243 469 Cyclist 0 0 -10.0 977.0 144.0 1014.0 213.0 0.0 0.0 0.0 0.0 0.0 0.0 -10.0 0.8941
243 542 Car 0 0 -10.0 182.0 176.0 283.0 224.0 0.0 0.0 0.0 0.0 0.0 0.0 -10.0 0.8629
243 544 Car 0 0 -10.0 435.0 169.0 478.0 200.0 0.0 0.0 0.0 0.0 0.0 0.0 -10.0 0.8352
243 545 Car 0 0 -10.0 996.0 150.0 1197.0 199.0 0.0 0.0 0.0 0.0 0.0 0.0 -10.0 0.6963
244 468 Car 0 0 -10.0 0.0 194.0 297.0 363.0 0.0 0.0 0.0 0.0 0.0 0.0 -10.0 0.9273
244 469 Cyclist 0 0 -10.0 977.0 144.0 1014.0 213.0 0.0 0.0 0.0 0.0 0.0 0.0 -10.0 0.8941
244 542 Car 0 0 -10.0 169.0 176.0 274.0 226.0 0.0 0.0 0.0 0.0 0.0 0.0 -10.0 0.8553
244 544 Car 0 0 -10.0 438.0 169.0 483.0 200.0 0.0 0.0 0.0 0.0 0.0 0.0 -10.0 0.8373
244 545 Car 0 0 -10.0 1034.0 149.0 1215.0 198.0 0.0 0.0 0.0 0.0 0.0 0.0 -10.0 0.7437
245 468 Car 0 0 -10.0 0.0 195.0 297.0 363.0 0.0 0.0 0.0 0.0 0.0 0.0 -10.0 0.9289
245 469 Cyclist 0 0 -10.0 977.0 144.0 1014.0 213.0 0.0 0.0 0.0 0.0 0.0 0.0 -10.0 0.8889
245 542 Car 0 0 -10.0 150.0 175.0 263.0 229.0 0.0 0.0 0.0 0.0 0.0 0.0 -10.0 0.8577
245 544 Car 0 0 -10.0 441.0 169.0 490.0 200.0 0.0 0.0 0.0 0.0 0.0 0.0 -10.0 0.8493
245 545 Car 0 0 -10.0 1068.0 147.0 1223.0 196.0 0.0 0.0 0.0 0.0 0.0 0.0 -10.0 0.7436
246 468 Car 0 0 -10.0 0.0 196.0 298.0 363.0 0.0 0.0 0.0 0.0 0.0 0.0 -10.0 0.9327
246 469 Cyclist 0 0 -10.0 977.0 143.0 1014.0 213.0 0.0 0.0 0.0 0.0 0.0 0.0 -10.0 0.8907
246 542 Car 0 0 -10.0 130.0 175.0 252.0 231.0 0.0 0.0 0.0 0.0 0.0 0.0 -10.0 0.8658
246 544 Car 0 0 -10.0 444.0 169.0 498.0 201.0 0.0 0.0 0.0 0.0 0.0 0.0 -10.0 0.8358
246 545 Car 0 0 -10.0 1099.0 147.0 1224.0 196.0 0.0 0.0 0.0 0.0 0.0 0.0 -10.0 0.7685
247 468 Car 0 0 -10.0 0.0 196.0 298.0 363.0 0.0 0.0 0.0 0.0 0.0 0.0 -10.0 0.9358
247 469 Cyclist 0 0 -10.0 977.0 143.0 1014.0 213.0 0.0 0.0 0.0 0.0 0.0 0.0 -10.0 0.8923
247 542 Car 0 0 -10.0 109.0 175.0 240.0 234.0 0.0 0.0 0.0 0.0 0.0 0.0 -10.0 0.8731
247 544 Car 0 0 -10.0 448.0 169.0 507.0 202.0 0.0 0.0 0.0 0.0 0.0 0.0 -10.0 0.8352
247 545 Car 0 0 -10.0 1129.0 147.0 1223.0 194.0 0.0 0.0 0.0 0.0 0.0 0.0 -10.0 0.6854
248 468 Car 0 0 -10.0 0.0 196.0 298.0 363.0 0.0 0.0 0.0 0.0 0.0 0.0 -10.0 0.9362
248 469 Cyclist 0 0 -10.0 977.0 144.0 1014.0 213.0 0.0 0.0 0.0 0.0 0.0 0.0 -10.0 0.889
248 542 Car 0 0 -10.0 85.0 175.0 227.0 238.0 0.0 0.0 0.0 0.0 0.0 0.0 -10.0 0.877
248 544 Car 0 0 -10.0 452.0 168.0 516.0 202.0 0.0 0.0 0.0 0.0 0.0 0.0 -10.0 0.8247
248 545 Car 0 0 -10.0 1153.0 148.0 1224.0 194.0 0.0 0.0 0.0 0.0 0.0 0.0 -10.0 0.6538
249 468 Car 0 0 -10.0 0.0 196.0 298.0 363.0 0.0 0.0 0.0 0.0 0.0 0.0 -10.0 0.9311
249 469 Cyclist 0 0 -10.0 977.0 144.0 1014.0 213.0 0.0 0.0 0.0 0.0 0.0 0.0 -10.0 0.8817
249 542 Car 0 0 -10.0 59.0 174.0 214.0 241.0 0.0 0.0 0.0 0.0 0.0 0.0 -10.0 0.8572
249 544 Car 0 0 -10.0 458.0 168.0 526.0 203.0 0.0 0.0 0.0 0.0 0.0 0.0 -10.0 0.8487
249 545 Car 0 0 -10.0 1181.0 147.0 1224.0 189.0 0.0 0.0 0.0 0.0 0.0 0.0 -10.0 0.116
250 468 Car 0 0 -10.0 0.0 196.0 297.0 363.0 0.0 0.0 0.0 0.0 0.0 0.0 -10.0 0.9334
250 469 Cyclist 0 0 -10.0 977.0 144.0 1014.0 213.0 0.0 0.0 0.0 0.0 0.0 0.0 -10.0 0.8839
250 542 Car 0 0 -10.0 21.0 175.0 186.0 245.0 0.0 0.0 0.0 0.0 0.0 0.0 -10.0 0.8047
250 544 Car 0 0 -10.0 463.0 167.0 538.0 203.0 0.0 0.0 0.0 0.0 0.0 0.0 -10.0 0.8599
251 468 Car 0 0 -10.0 0.0 197.0 297.0 363.0 0.0 0.0 0.0 0.0 0.0 0.0 -10.0 0.9349
251 469 Cyclist 0 0 -10.0 976.0 144.0 1014.0 213.0 0.0 0.0 0.0 0.0 0.0 0.0 -10.0 0.8807
251 542 Car 0 0 -10.0 3.0 176.0 172.0 249.0 0.0 0.0 0.0 0.0 0.0 0.0 -10.0 0.8679
251 544 Car 0 0 -10.0 470.0 166.0 551.0 204.0 0.0 0.0 0.0 0.0 0.0 0.0 -10.0 0.8554
252 468 Car 0 0 -10.0 0.0 198.0 297.0 363.0 0.0 0.0 0.0 0.0 0.0 0.0 -10.0 0.94
252 469 Cyclist 0 0 -10.0 976.0 144.0 1014.0 213.0 0.0 0.0 0.0 0.0 0.0 0.0 -10.0 0.8822
252 542 Car 0 0 -10.0 0.0 176.0 154.0 254.0 0.0 0.0 0.0 0.0 0.0 0.0 -10.0 0.831
252 544 Car 0 0 -10.0 477.0 166.0 563.0 204.0 0.0 0.0 0.0 0.0 0.0 0.0 -10.0 0.8488
253 468 Car 0 0 -10.0 0.0 201.0 297.0 363.0 0.0 0.0 0.0 0.0 0.0 0.0 -10.0 0.9369
253 469 Cyclist 0 0 -10.0 976.0 143.0 1014.0 213.0 0.0 0.0 0.0 0.0 0.0 0.0 -10.0 0.8793
253 542 Car 0 0 -10.0 0.0 178.0 131.0 257.0 0.0 0.0 0.0 0.0 0.0 0.0 -10.0 0.7424
253 544 Car 0 0 -10.0 488.0 165.0 577.0 204.0 0.0 0.0 0.0 0.0 0.0 0.0 -10.0 0.8303
254 468 Car 0 0 -10.0 0.0 200.0 297.0 363.0 0.0 0.0 0.0 0.0 0.0 0.0 -10.0 0.9361
254 469 Cyclist 0 0 -10.0 976.0 144.0 1014.0 213.0 0.0 0.0 0.0 0.0 0.0 0.0 -10.0 0.8848
254 542 Car 0 0 -10.0 0.0 180.0 102.0 267.0 0.0 0.0 0.0 0.0 0.0 0.0 -10.0 0.683
254 544 Car 0 0 -10.0 501.0 165.0 592.0 205.0 0.0 0.0 0.0 0.0 0.0 0.0 -10.0 0.8531
255 468 Car 0 0 -10.0 0.0 199.0 297.0 363.0 0.0 0.0 0.0 0.0 0.0 0.0 -10.0 0.9374
255 469 Cyclist 0 0 -10.0 976.0 144.0 1014.0 213.0 0.0 0.0 0.0 0.0 0.0 0.0 -10.0 0.8854
255 542 Car 0 0 -10.0 0.0 181.0 66.0 276.0 0.0 0.0 0.0 0.0 0.0 0.0 -10.0 0.4297
255 544 Car 0 0 -10.0 511.0 165.0 607.0 206.0 0.0 0.0 0.0 0.0 0.0 0.0 -10.0 0.8492
256 468 Car 0 0 -10.0 0.0 198.0 297.0 363.0 0.0 0.0 0.0 0.0 0.0 0.0 -10.0 0.9384
256 469 Cyclist 0 0 -10.0 976.0 144.0 1014.0 213.0 0.0 0.0 0.0 0.0 0.0 0.0 -10.0 0.8853
256 544 Car 0 0 -10.0 523.0 165.0 616.0 206.0 0.0 0.0 0.0 0.0 0.0 0.0 -10.0 0.8714
257 468 Car 0 0 -10.0 0.0 198.0 297.0 363.0 0.0 0.0 0.0 0.0 0.0 0.0 -10.0 0.9451
257 469 Cyclist 0 0 -10.0 976.0 144.0 1014.0 213.0 0.0 0.0 0.0 0.0 0.0 0.0 -10.0 0.8885
257 544 Car 0 0 -10.0 536.0 164.0 619.0 206.0 0.0 0.0 0.0 0.0 0.0 0.0 -10.0 0.8723
258 468 Car 0 0 -10.0 0.0 196.0 297.0 363.0 0.0 0.0 0.0 0.0 0.0 0.0 -10.0 0.9345
258 469 Cyclist 0 0 -10.0 976.0 144.0 1014.0 213.0 0.0 0.0 0.0 0.0 0.0 0.0 -10.0 0.891
258 544 Car 0 0 -10.0 552.0 164.0 619.0 206.0 0.0 0.0 0.0 0.0 0.0 0.0 -10.0 0.8272
259 468 Car 0 0 -10.0 0.0 195.0 297.0 363.0 0.0 0.0 0.0 0.0 0.0 0.0 -10.0 0.9352
259 469 Cyclist 0 0 -10.0 976.0 144.0 1014.0 213.0 0.0 0.0 0.0 0.0 0.0 0.0 -10.0 0.8884
259 544 Car 0 0 -10.0 570.0 162.0 617.0 207.0 0.0 0.0 0.0 0.0 0.0 0.0 -10.0 0.7192
260 468 Car 0 0 -10.0 0.0 196.0 297.0 363.0 0.0 0.0 0.0 0.0 0.0 0.0 -10.0 0.9348
260 469 Cyclist 0 0 -10.0 976.0 144.0 1014.0 213.0 0.0 0.0 0.0 0.0 0.0 0.0 -10.0 0.889
261 468 Car 0 0 -10.0 0.0 196.0 297.0 363.0 0.0 0.0 0.0 0.0 0.0 0.0 -10.0 0.9351
261 469 Cyclist 0 0 -10.0 976.0 144.0 1014.0 213.0 0.0 0.0 0.0 0.0 0.0 0.0 -10.0 0.8894
262 468 Car 0 0 -10.0 0.0 196.0 297.0 363.0 0.0 0.0 0.0 0.0 0.0 0.0 -10.0 0.9347
262 469 Cyclist 0 0 -10.0 976.0 144.0 1014.0 213.0 0.0 0.0 0.0 0.0 0.0 0.0 -10.0 0.8849
263 468 Car 0 0 -10.0 0.0 196.0 297.0 363.0 0.0 0.0 0.0 0.0 0.0 0.0 -10.0 0.9349
263 469 Cyclist 0 0 -10.0 976.0 144.0 1014.0 213.0 0.0 0.0 0.0 0.0 0.0 0.0 -10.0 0.8877
264 468 Car 0 0 -10.0 0.0 196.0 297.0 363.0 0.0 0.0 0.0 0.0 0.0 0.0 -10.0 0.9347
264 469 Cyclist 0 0 -10.0 976.0 144.0 1014.0 213.0 0.0 0.0 0.0 0.0 0.0 0.0 -10.0 0.8911
265 468 Car 0 0 -10.0 0.0 196.0 297.0 363.0 0.0 0.0 0.0 0.0 0.0 0.0 -10.0 0.9352
265 469 Cyclist 0 0 -10.0 977.0 144.0 1014.0 213.0 0.0 0.0 0.0 0.0 0.0 0.0 -10.0 0.8883
266 468 Car 0 0 -10.0 0.0 196.0 297.0 363.0 0.0 0.0 0.0 0.0 0.0 0.0 -10.0 0.9342
266 469 Cyclist 0 0 -10.0 977.0 144.0 1014.0 213.0 0.0 0.0 0.0 0.0 0.0 0.0 -10.0 0.8898
267 468 Car 0 0 -10.0 0.0 196.0 297.0 363.0 0.0 0.0 0.0 0.0 0.0 0.0 -10.0 0.9343
267 469 Cyclist 0 0 -10.0 977.0 144.0 1014.0 213.0 0.0 0.0 0.0 0.0 0.0 0.0 -10.0 0.8924
268 468 Car 0 0 -10.0 0.0 196.0 297.0 363.0 0.0 0.0 0.0 0.0 0.0 0.0 -10.0 0.935
268 469 Cyclist 0 0 -10.0 977.0 144.0 1014.0 213.0 0.0 0.0 0.0 0.0 0.0 0.0 -10.0 0.8901
269 468 Car 0 0 -10.0 0.0 196.0 297.0 363.0 0.0 0.0 0.0 0.0 0.0 0.0 -10.0 0.9345
269 469 Cyclist 0 0 -10.0 977.0 144.0 1014.0 213.0 0.0 0.0 0.0 0.0 0.0 0.0 -10.0 0.8929
270 468 Car 0 0 -10.0 0.0 196.0 297.0 363.0 0.0 0.0 0.0 0.0 0.0 0.0 -10.0 0.9352
270 469 Cyclist 0 0 -10.0 976.0 144.0 1014.0 213.0 0.0 0.0 0.0 0.0 0.0 0.0 -10.0 0.8889
271 468 Car 0 0 -10.0 0.0 196.0 297.0 363.0 0.0 0.0 0.0 0.0 0.0 0.0 -10.0 0.9347
271 469 Cyclist 0 0 -10.0 976.0 144.0 1014.0 213.0 0.0 0.0 0.0 0.0 0.0 0.0 -10.0 0.8908
272 468 Car 0 0 -10.0 0.0 196.0 297.0 363.0 0.0 0.0 0.0 0.0 0.0 0.0 -10.0 0.9359
272 469 Cyclist 0 0 -10.0 975.0 143.0 1014.0 212.0 0.0 0.0 0.0 0.0 0.0 0.0 -10.0 0.8683
273 468 Car 0 0 -10.0 0.0 196.0 297.0 363.0 0.0 0.0 0.0 0.0 0.0 0.0 -10.0 0.9354
273 469 Cyclist 0 0 -10.0 974.0 143.0 1013.0 213.0 0.0 0.0 0.0 0.0 0.0 0.0 -10.0 0.8595
274 468 Car 0 0 -10.0 0.0 196.0 297.0 363.0 0.0 0.0 0.0 0.0 0.0 0.0 -10.0 0.9369
274 469 Cyclist 0 0 -10.0 974.0 142.0 1014.0 212.0 0.0 0.0 0.0 0.0 0.0 0.0 -10.0 0.7793
275 468 Car 0 0 -10.0 0.0 196.0 297.0 363.0 0.0 0.0 0.0 0.0 0.0 0.0 -10.0 0.935
275 469 Cyclist 0 0 -10.0 977.0 144.0 1015.0 212.0 0.0 0.0 0.0 0.0 0.0 0.0 -10.0 0.8405
276 468 Car 0 0 -10.0 0.0 195.0 297.0 363.0 0.0 0.0 0.0 0.0 0.0 0.0 -10.0 0.936
276 469 Cyclist 0 0 -10.0 977.0 144.0 1014.0 211.0 0.0 0.0 0.0 0.0 0.0 0.0 -10.0 0.832
277 468 Car 0 0 -10.0 0.0 195.0 297.0 363.0 0.0 0.0 0.0 0.0 0.0 0.0 -10.0 0.9353
277 469 Cyclist 0 0 -10.0 974.0 145.0 1014.0 212.0 0.0 0.0 0.0 0.0 0.0 0.0 -10.0 0.6973
278 468 Car 0 0 -10.0 0.0 196.0 297.0 363.0 0.0 0.0 0.0 0.0 0.0 0.0 -10.0 0.9351
278 469 Cyclist 0 0 -10.0 975.0 146.0 1014.0 213.0 0.0 0.0 0.0 0.0 0.0 0.0 -10.0 0.8464
279 468 Car 0 0 -10.0 0.0 196.0 297.0 363.0 0.0 0.0 0.0 0.0 0.0 0.0 -10.0 0.9342
279 469 Cyclist 0 0 -10.0 977.0 144.0 1015.0 213.0 0.0 0.0 0.0 0.0 0.0 0.0 -10.0 0.8899
280 468 Car 0 0 -10.0 0.0 196.0 297.0 363.0 0.0 0.0 0.0 0.0 0.0 0.0 -10.0 0.9345
280 469 Cyclist 0 0 -10.0 977.0 144.0 1015.0 213.0 0.0 0.0 0.0 0.0 0.0 0.0 -10.0 0.885
281 468 Car 0 0 -10.0 0.0 196.0 297.0 363.0 0.0 0.0 0.0 0.0 0.0 0.0 -10.0 0.9349
281 469 Cyclist 0 0 -10.0 976.0 143.0 1014.0 213.0 0.0 0.0 0.0 0.0 0.0 0.0 -10.0 0.8968
282 468 Car 0 0 -10.0 0.0 196.0 297.0 363.0 0.0 0.0 0.0 0.0 0.0 0.0 -10.0 0.9359
282 469 Cyclist 0 0 -10.0 976.0 143.0 1014.0 213.0 0.0 0.0 0.0 0.0 0.0 0.0 -10.0 0.8956
283 468 Car 0 0 -10.0 0.0 196.0 297.0 363.0 0.0 0.0 0.0 0.0 0.0 0.0 -10.0 0.9359
283 469 Cyclist 0 0 -10.0 976.0 143.0 1014.0 213.0 0.0 0.0 0.0 0.0 0.0 0.0 -10.0 0.8941
284 468 Car 0 0 -10.0 0.0 196.0 297.0 363.0 0.0 0.0 0.0 0.0 0.0 0.0 -10.0 0.9363
284 469 Cyclist 0 0 -10.0 977.0 143.0 1014.0 213.0 0.0 0.0 0.0 0.0 0.0 0.0 -10.0 0.8925
285 468 Car 0 0 -10.0 0.0 196.0 297.0 363.0 0.0 0.0 0.0 0.0 0.0 0.0 -10.0 0.9359
285 469 Cyclist 0 0 -10.0 977.0 143.0 1014.0 213.0 0.0 0.0 0.0 0.0 0.0 0.0 -10.0 0.8929
