0 1 Pedestrian 0 0 -10.0 381.0 142.0 484.0 348.0 0.0 0.0 0.0 0.0 0.0 0.0 -10.0 0.786
0 2 Pedestrian 0 0 -10.0 470.0 135.0 544.0 330.0 0.0 0.0 0.0 0.0 0.0 0.0 -10.0 0.7613
0 3 Pedestrian 0 0 -10.0 562.0 142.0 577.0 188.0 0.0 0.0 0.0 0.0 0.0 0.0 -10.0 0.397
0 7 Pedestrian 0 0 -10.0 498.0 139.0 519.0 205.0 0.0 0.0 0.0 0.0 0.0 0.0 -10.0 0.2939
0 8 Pedestrian 0 0 -10.0 535.0 140.0 548.0 186.0 0.0 0.0 0.0 0.0 0.0 0.0 -10.0 0.2892
0 10 Pedestrian 0 0 -10.0 556.0 141.0 572.0 188.0 0.0 0.0 0.0 0.0 0.0 0.0 -10.0 0.2533
1 1 Pedestrian 0 0 -10.0 391.0 142.0 493.0 351.0 0.0 0.0 0.0 0.0 0.0 0.0 -10.0 0.7904
1 2 Pedestrian 0 0 -10.0 484.0 135.0 553.0 328.0 0.0 0.0 0.0 0.0 0.0 0.0 -10.0 0.78
1 3 Pedestrian 0 0 -10.0 562.0 143.0 577.0 186.0 0.0 0.0 0.0 0.0 0.0 0.0 -10.0 0.2682
1 7 Pedestrian 0 0 -10.0 500.0 141.0 522.0 206.0 0.0 0.0 0.0 0.0 0.0 0.0 -10.0 0.2452
1 10 Pedestrian 0 0 -10.0 557.0 142.0 572.0 188.0 0.0 0.0 0.0 0.0 0.0 0.0 -10.0 0.3409
2 1 Pedestrian 0 0 -10.0 408.0 142.0 501.0 354.0 0.0 0.0 0.0 0.0 0.0 0.0 -10.0 0.7991
2 2 Pedestrian 0 0 -10.0 493.0 138.0 563.0 333.0 0.0 0.0 0.0 0.0 0.0 0.0 -10.0 0.7688
2 3 Pedestrian 0 0 -10.0 563.0 143.0 577.0 187.0 0.0 0.0 0.0 0.0 0.0 0.0 -10.0 0.4467
2 7 Pedestrian 0 0 -10.0 503.0 141.0 522.0 204.0 0.0 0.0 0.0 0.0 0.0 0.0 -10.0 0.2895
2 10 Pedestrian 0 0 -10.0 559.0 142.0 573.0 188.0 0.0 0.0 0.0 0.0 0.0 0.0 -10.0 0.3313
3 1 Pedestrian 0 0 -10.0 432.0 142.0 507.0 354.0 0.0 0.0 0.0 0.0 0.0 0.0 -10.0 0.8027
3 2 Pedestrian 0 0 -10.0 503.0 134.0 579.0 337.0 0.0 0.0 0.0 0.0 0.0 0.0 -10.0 0.8479
3 7 Pedestrian 0 0 -10.0 507.0 141.0 524.0 205.0 0.0 0.0 0.0 0.0 0.0 0.0 -10.0 0.1253
4 1 Pedestrian 0 0 -10.0 446.0 141.0 526.0 356.0 0.0 0.0 0.0 0.0 0.0 0.0 -10.0 0.7768
4 2 Pedestrian 0 0 -10.0 511.0 133.0 596.0 342.0 0.0 0.0 0.0 0.0 0.0 0.0 -10.0 0.8135
4 7 Pedestrian 0 0 -10.0 510.0 144.0 527.0 199.0 0.0 0.0 0.0 0.0 0.0 0.0 -10.0 0.1287
5 1 Pedestrian 0 0 -10.0 454.0 141.0 539.0 358.0 0.0 0.0 0.0 0.0 0.0 0.0 -10.0 0.8076
5 2 Pedestrian 0 0 -10.0 517.0 135.0 607.0 347.0 0.0 0.0 0.0 0.0 0.0 0.0 -10.0 0.8006
5 7 Pedestrian 0 0 -10.0 510.0 145.0 528.0 198.0 0.0 0.0 0.0 0.0 0.0 0.0 -10.0 0.1448
6 1 Pedestrian 0 0 -10.0 459.0 140.0 554.0 358.0 0.0 0.0 0.0 0.0 0.0 0.0 -10.0 0.7741
6 2 Pedestrian 0 0 -10.0 532.0 138.0 616.0 350.0 0.0 0.0 0.0 0.0 0.0 0.0 -10.0 0.7977
6 7 Pedestrian 0 0 -10.0 511.0 145.0 529.0 198.0 0.0 0.0 0.0 0.0 0.0 0.0 -10.0 0.1422
7 1 Pedestrian 0 0 -10.0 475.0 141.0 568.0 361.0 0.0 0.0 0.0 0.0 0.0 0.0 -10.0 0.7961
7 2 Pedestrian 0 0 -10.0 548.0 136.0 623.0 349.0 0.0 0.0 0.0 0.0 0.0 0.0 -10.0 0.7345
7 7 Pedestrian 0 0 -10.0 512.0 144.0 531.0 198.0 0.0 0.0 0.0 0.0 0.0 0.0 -10.0 0.1777
8 1 Pedestrian 0 0 -10.0 495.0 141.0 581.0 362.0 0.0 0.0 0.0 0.0 0.0 0.0 -10.0 0.7839
8 2 Pedestrian 0 0 -10.0 561.0 134.0 635.0 354.0 0.0 0.0 0.0 0.0 0.0 0.0 -10.0 0.7571
8 7 Pedestrian 0 0 -10.0 513.0 144.0 531.0 198.0 0.0 0.0 0.0 0.0 0.0 0.0 -10.0 0.1551
9 1 Pedestrian 0 0 -10.0 511.0 142.0 593.0 362.0 0.0 0.0 0.0 0.0 0.0 0.0 -10.0 0.7672
9 2 Pedestrian 0 0 -10.0 571.0 135.0 650.0 353.0 0.0 0.0 0.0 0.0 0.0 0.0 -10.0 0.7751
9 7 Pedestrian 0 0 -10.0 515.0 142.0 533.0 198.0 0.0 0.0 0.0 0.0 0.0 0.0 -10.0 0.3964
10 1 Pedestrian 0 0 -10.0 521.0 142.0 619.0 363.0 0.0 0.0 0.0 0.0 0.0 0.0 -10.0 0.7913
10 2 Pedestrian 0 0 -10.0 578.0 134.0 667.0 355.0 0.0 0.0 0.0 0.0 0.0 0.0 -10.0 0.7639
10 7 Pedestrian 0 0 -10.0 515.0 143.0 532.0 193.0 0.0 0.0 0.0 0.0 0.0 0.0 -10.0 0.3639
10 26 Pedestrian 0 0 -10.0 239.0 141.0 299.0 304.0 0.0 0.0 0.0 0.0 0.0 0.0 -10.0 0.8361
11 1 Pedestrian 0 0 -10.0 530.0 139.0 638.0 366.0 0.0 0.0 0.0 0.0 0.0 0.0 -10.0 0.8078
11 2 Pedestrian 0 0 -10.0 593.0 134.0 679.0 359.0 0.0 0.0 0.0 0.0 0.0 0.0 -10.0 0.7729
11 7 Pedestrian 0 0 -10.0 514.0 141.0 531.0 191.0 0.0 0.0 0.0 0.0 0.0 0.0 -10.0 0.4536
11 26 Pedestrian 0 0 -10.0 243.0 137.0 305.0 304.0 0.0 0.0 0.0 0.0 0.0 0.0 -10.0 0.7685
11 27 Pedestrian 0 0 -10.0 494.0 141.0 512.0 198.0 0.0 0.0 0.0 0.0 0.0 0.0 -10.0 0.4639
11 8 Pedestrian 0 0 -10.0 537.0 142.0 555.0 188.0 0.0 0.0 0.0 0.0 0.0 0.0 -10.0 0.4506
12 1 Pedestrian 0 0 -10.0 542.0 140.0 649.0 366.0 0.0 0.0 0.0 0.0 0.0 0.0 -10.0 0.8179
12 2 Pedestrian 0 0 -10.0 618.0 132.0 692.0 357.0 0.0 0.0 0.0 0.0 0.0 0.0 -10.0 0.6313
12 7 Pedestrian 0 0 -10.0 515.0 143.0 532.0 191.0 0.0 0.0 0.0 0.0 0.0 0.0 -10.0 0.1659
12 26 Pedestrian 0 0 -10.0 248.0 136.0 315.0 309.0 0.0 0.0 0.0 0.0 0.0 0.0 -10.0 0.7755
12 27 Pedestrian 0 0 -10.0 494.0 143.0 513.0 201.0 0.0 0.0 0.0 0.0 0.0 0.0 -10.0 0.5738
12 8 Pedestrian 0 0 -10.0 537.0 143.0 555.0 192.0 0.0 0.0 0.0 0.0 0.0 0.0 -10.0 0.5766
13 1 Pedestrian 0 0 -10.0 561.0 141.0 655.0 363.0 0.0 0.0 0.0 0.0 0.0 0.0 -10.0 0.7474
13 2 Pedestrian 0 0 -10.0 623.0 135.0 698.0 359.0 0.0 0.0 0.0 0.0 0.0 0.0 -10.0 0.6685
13 7 Pedestrian 0 0 -10.0 516.0 141.0 532.0 190.0 0.0 0.0 0.0 0.0 0.0 0.0 -10.0 0.1729
13 26 Pedestrian 0 0 -10.0 259.0 139.0 329.0 309.0 0.0 0.0 0.0 0.0 0.0 0.0 -10.0 0.7895
13 27 Pedestrian 0 0 -10.0 495.0 141.0 515.0 203.0 0.0 0.0 0.0 0.0 0.0 0.0 -10.0 0.5962
13 8 Pedestrian 0 0 -10.0 536.0 144.0 554.0 193.0 0.0 0.0 0.0 0.0 0.0 0.0 -10.0 0.6081
13 3 Pedestrian 0 0 -10.0 562.0 146.0 579.0 189.0 0.0 0.0 0.0 0.0 0.0 0.0 -10.0 0.4646
14 1 Pedestrian 0 0 -10.0 581.0 142.0 668.0 365.0 0.0 0.0 0.0 0.0 0.0 0.0 -10.0 0.7757
14 2 Pedestrian 0 0 -10.0 634.0 136.0 713.0 360.0 0.0 0.0 0.0 0.0 0.0 0.0 -10.0 0.7705
14 7 Pedestrian 0 0 -10.0 518.0 140.0 534.0 191.0 0.0 0.0 0.0 0.0 0.0 0.0 -10.0 0.1963
14 26 Pedestrian 0 0 -10.0 273.0 140.0 344.0 309.0 0.0 0.0 0.0 0.0 0.0 0.0 -10.0 0.8074
14 27 Pedestrian 0 0 -10.0 495.0 141.0 517.0 204.0 0.0 0.0 0.0 0.0 0.0 0.0 -10.0 0.6163
14 8 Pedestrian 0 0 -10.0 535.0 143.0 553.0 194.0 0.0 0.0 0.0 0.0 0.0 0.0 -10.0 0.6259
14 3 Pedestrian 0 0 -10.0 562.0 144.0 580.0 190.0 0.0 0.0 0.0 0.0 0.0 0.0 -10.0 0.5773
15 1 Pedestrian 0 0 -10.0 587.0 140.0 679.0 365.0 0.0 0.0 0.0 0.0 0.0 0.0 -10.0 0.7849
15 2 Pedestrian 0 0 -10.0 645.0 137.0 729.0 360.0 0.0 0.0 0.0 0.0 0.0 0.0 -10.0 0.7671
15 7 Pedestrian 0 0 -10.0 519.0 140.0 534.0 195.0 0.0 0.0 0.0 0.0 0.0 0.0 -10.0 0.1012
15 26 Pedestrian 0 0 -10.0 284.0 141.0 355.0 313.0 0.0 0.0 0.0 0.0 0.0 0.0 -10.0 0.7688
15 27 Pedestrian 0 0 -10.0 498.0 140.0 520.0 204.0 0.0 0.0 0.0 0.0 0.0 0.0 -10.0 0.7323
15 8 Pedestrian 0 0 -10.0 535.0 142.0 553.0 195.0 0.0 0.0 0.0 0.0 0.0 0.0 -10.0 0.6007
15 3 Pedestrian 0 0 -10.0 563.0 144.0 581.0 190.0 0.0 0.0 0.0 0.0 0.0 0.0 -10.0 0.6484
15 33 Pedestrian 0 0 -10.0 247.0 136.0 311.0 316.0 0.0 0.0 0.0 0.0 0.0 0.0 -10.0 0.4818
16 1 Pedestrian 0 0 -10.0 596.0 141.0 695.0 366.0 0.0 0.0 0.0 0.0 0.0 0.0 -10.0 0.8038
16 2 Pedestrian 0 0 -10.0 658.0 139.0 745.0 360.0 0.0 0.0 0.0 0.0 0.0 0.0 -10.0 0.7629
16 26 Pedestrian 0 0 -10.0 300.0 139.0 370.0 314.0 0.0 0.0 0.0 0.0 0.0 0.0 -10.0 0.7833
16 27 Pedestrian 0 0 -10.0 500.0 139.0 522.0 204.0 0.0 0.0 0.0 0.0 0.0 0.0 -10.0 0.7735
16 8 Pedestrian 0 0 -10.0 534.0 142.0 553.0 194.0 0.0 0.0 0.0 0.0 0.0 0.0 -10.0 0.5853
16 3 Pedestrian 0 0 -10.0 563.0 143.0 581.0 190.0 0.0 0.0 0.0 0.0 0.0 0.0 -10.0 0.6412
16 33 Pedestrian 0 0 -10.0 249.0 135.0 316.0 323.0 0.0 0.0 0.0 0.0 0.0 0.0 -10.0 0.6965
17 1 Pedestrian 0 0 -10.0 604.0 143.0 708.0 366.0 0.0 0.0 0.0 0.0 0.0 0.0 -10.0 0.8079
17 2 Pedestrian 0 0 -10.0 666.0 141.0 757.0 360.0 0.0 0.0 0.0 0.0 0.0 0.0 -10.0 0.8076
17 26 Pedestrian 0 0 -10.0 311.0 140.0 384.0 314.0 0.0 0.0 0.0 0.0 0.0 0.0 -10.0 0.7973
17 27 Pedestrian 0 0 -10.0 502.0 138.0 524.0 205.0 0.0 0.0 0.0 0.0 0.0 0.0 -10.0 0.727
17 8 Pedestrian 0 0 -10.0 535.0 141.0 554.0 194.0 0.0 0.0 0.0 0.0 0.0 0.0 -10.0 0.6381
17 3 Pedestrian 0 0 -10.0 564.0 144.0 581.0 191.0 0.0 0.0 0.0 0.0 0.0 0.0 -10.0 0.6129
17 33 Pedestrian 0 0 -10.0 251.0 130.0 321.0 324.0 0.0 0.0 0.0 0.0 0.0 0.0 -10.0 0.7671
17 35 Cyclist 0 0 -10.0 455.0 141.0 486.0 186.0 0.0 0.0 0.0 0.0 0.0 0.0 -10.0 0.3902
18 1 Pedestrian 0 0 -10.0 618.0 144.0 720.0 366.0 0.0 0.0 0.0 0.0 0.0 0.0 -10.0 0.8083
18 2 Pedestrian 0 0 -10.0 680.0 141.0 767.0 359.0 0.0 0.0 0.0 0.0 0.0 0.0 -10.0 0.7705
18 26 Pedestrian 0 0 -10.0 319.0 137.0 404.0 316.0 0.0 0.0 0.0 0.0 0.0 0.0 -10.0 0.7864
18 27 Pedestrian 0 0 -10.0 503.0 138.0 525.0 205.0 0.0 0.0 0.0 0.0 0.0 0.0 -10.0 0.7473
18 8 Pedestrian 0 0 -10.0 535.0 141.0 554.0 194.0 0.0 0.0 0.0 0.0 0.0 0.0 -10.0 0.6533
18 3 Pedestrian 0 0 -10.0 565.0 144.0 583.0 192.0 0.0 0.0 0.0 0.0 0.0 0.0 -10.0 0.6176
18 33 Pedestrian 0 0 -10.0 259.0 130.0 325.0 329.0 0.0 0.0 0.0 0.0 0.0 0.0 -10.0 0.7634
18 35 Cyclist 0 0 -10.0 448.0 142.0 484.0 188.0 0.0 0.0 0.0 0.0 0.0 0.0 -10.0 0.556
18 36 Pedestrian 0 0 -10.0 1088.0 140.0 1223.0 365.0 0.0 0.0 0.0 0.0 0.0 0.0 -10.0 0.819
19 1 Pedestrian 0 0 -10.0 641.0 140.0 739.0 367.0 0.0 0.0 0.0 0.0 0.0 0.0 -10.0 0.7318
19 2 Pedestrian 0 0 -10.0 689.0 138.0 774.0 360.0 0.0 0.0 0.0 0.0 0.0 0.0 -10.0 0.6374
19 26 Pedestrian 0 0 -10.0 328.0 135.0 415.0 316.0 0.0 0.0 0.0 0.0 0.0 0.0 -10.0 0.8113
19 27 Pedestrian 0 0 -10.0 504.0 138.0 526.0 205.0 0.0 0.0 0.0 0.0 0.0 0.0 -10.0 0.719
19 8 Pedestrian 0 0 -10.0 534.0 141.0 554.0 193.0 0.0 0.0 0.0 0.0 0.0 0.0 -10.0 0.647
19 3 Pedestrian 0 0 -10.0 566.0 144.0 584.0 193.0 0.0 0.0 0.0 0.0 0.0 0.0 -10.0 0.5929
19 33 Pedestrian 0 0 -10.0 270.0 127.0 339.0 331.0 0.0 0.0 0.0 0.0 0.0 0.0 -10.0 0.7274
19 35 Cyclist 0 0 -10.0 442.0 142.0 480.0 189.0 0.0 0.0 0.0 0.0 0.0 0.0 -10.0 0.5314
19 36 Pedestrian 0 0 -10.0 1063.0 139.0 1223.0 364.0 0.0 0.0 0.0 0.0 0.0 0.0 -10.0 0.7626
19 10 Pedestrian 0 0 -10.0 570.0 144.0 589.0 193.0 0.0 0.0 0.0 0.0 0.0 0.0 -10.0 0.2919
20 1 Pedestrian 0 0 -10.0 653.0 139.0 751.0 367.0 0.0 0.0 0.0 0.0 0.0 0.0 -10.0 0.7981
20 2 Pedestrian 0 0 -10.0 708.0 134.0 794.0 361.0 0.0 0.0 0.0 0.0 0.0 0.0 -10.0 0.6607
20 26 Pedestrian 0 0 -10.0 341.0 135.0 427.0 319.0 0.0 0.0 0.0 0.0 0.0 0.0 -10.0 0.7689
20 27 Pedestrian 0 0 -10.0 506.0 138.0 527.0 205.0 0.0 0.0 0.0 0.0 0.0 0.0 -10.0 0.6675
20 8 Pedestrian 0 0 -10.0 534.0 141.0 555.0 193.0 0.0 0.0 0.0 0.0 0.0 0.0 -10.0 0.5798
20 3 Pedestrian 0 0 -10.0 567.0 144.0 585.0 193.0 0.0 0.0 0.0 0.0 0.0 0.0 -10.0 0.6108
20 33 Pedestrian 0 0 -10.0 275.0 129.0 348.0 330.0 0.0 0.0 0.0 0.0 0.0 0.0 -10.0 0.7749
20 35 Cyclist 0 0 -10.0 439.0 142.0 476.0 190.0 0.0 0.0 0.0 0.0 0.0 0.0 -10.0 0.6969
20 36 Pedestrian 0 0 -10.0 1031.0 136.0 1221.0 364.0 0.0 0.0 0.0 0.0 0.0 0.0 -10.0 0.7956
20 10 Pedestrian 0 0 -10.0 570.0 144.0 590.0 193.0 0.0 0.0 0.0 0.0 0.0 0.0 -10.0 0.3424
21 1 Pedestrian 0 0 -10.0 666.0 138.0 770.0 367.0 0.0 0.0 0.0 0.0 0.0 0.0 -10.0 0.7908
21 2 Pedestrian 0 0 -10.0 714.0 135.0 807.0 361.0 0.0 0.0 0.0 0.0 0.0 0.0 -10.0 0.5349
21 26 Pedestrian 0 0 -10.0 362.0 134.0 436.0 319.0 0.0 0.0 0.0 0.0 0.0 0.0 -10.0 0.7936
21 27 Pedestrian 0 0 -10.0 506.0 138.0 528.0 206.0 0.0 0.0 0.0 0.0 0.0 0.0 -10.0 0.5882
21 8 Pedestrian 0 0 -10.0 534.0 141.0 555.0 194.0 0.0 0.0 0.0 0.0 0.0 0.0 -10.0 0.6074
21 3 Pedestrian 0 0 -10.0 567.0 144.0 585.0 193.0 0.0 0.0 0.0 0.0 0.0 0.0 -10.0 0.5536
21 33 Pedestrian 0 0 -10.0 283.0 131.0 357.0 331.0 0.0 0.0 0.0 0.0 0.0 0.0 -10.0 0.7937
21 35 Cyclist 0 0 -10.0 432.0 142.0 472.0 189.0 0.0 0.0 0.0 0.0 0.0 0.0 -10.0 0.7366
21 36 Pedestrian 0 0 -10.0 1022.0 138.0 1172.0 368.0 0.0 0.0 0.0 0.0 0.0 0.0 -10.0 0.741
21 10 Pedestrian 0 0 -10.0 571.0 144.0 590.0 193.0 0.0 0.0 0.0 0.0 0.0 0.0 -10.0 0.2858
22 1 Pedestrian 0 0 -10.0 680.0 138.0 791.0 368.0 0.0 0.0 0.0 0.0 0.0 0.0 -10.0 0.773
22 2 Pedestrian 0 0 -10.0 728.0 136.0 830.0 362.0 0.0 0.0 0.0 0.0 0.0 0.0 -10.0 0.6342
22 26 Pedestrian 0 0 -10.0 379.0 135.0 449.0 322.0 0.0 0.0 0.0 0.0 0.0 0.0 -10.0 0.7779
22 27 Pedestrian 0 0 -10.0 508.0 137.0 530.0 205.0 0.0 0.0 0.0 0.0 0.0 0.0 -10.0 0.4386
22 8 Pedestrian 0 0 -10.0 535.0 140.0 556.0 196.0 0.0 0.0 0.0 0.0 0.0 0.0 -10.0 0.5215
22 3 Pedestrian 0 0 -10.0 566.0 144.0 585.0 193.0 0.0 0.0 0.0 0.0 0.0 0.0 -10.0 0.571
22 33 Pedestrian 0 0 -10.0 292.0 130.0 371.0 334.0 0.0 0.0 0.0 0.0 0.0 0.0 -10.0 0.7203
22 35 Cyclist 0 0 -10.0 424.0 141.0 468.0 190.0 0.0 0.0 0.0 0.0 0.0 0.0 -10.0 0.6819
22 36 Pedestrian 0 0 -10.0 993.0 141.0 1124.0 369.0 0.0 0.0 0.0 0.0 0.0 0.0 -10.0 0.7797
22 10 Pedestrian 0 0 -10.0 570.0 143.0 590.0 193.0 0.0 0.0 0.0 0.0 0.0 0.0 -10.0 0.2952
23 1 Pedestrian 0 0 -10.0 697.0 138.0 811.0 368.0 0.0 0.0 0.0 0.0 0.0 0.0 -10.0 0.7545
23 2 Pedestrian 0 0 -10.0 746.0 138.0 845.0 362.0 0.0 0.0 0.0 0.0 0.0 0.0 -10.0 0.4102
23 26 Pedestrian 0 0 -10.0 387.0 134.0 468.0 324.0 0.0 0.0 0.0 0.0 0.0 0.0 -10.0 0.8199
23 27 Pedestrian 0 0 -10.0 506.0 137.0 527.0 206.0 0.0 0.0 0.0 0.0 0.0 0.0 -10.0 0.4222
23 8 Pedestrian 0 0 -10.0 534.0 141.0 557.0 197.0 0.0 0.0 0.0 0.0 0.0 0.0 -10.0 0.3805
23 3 Pedestrian 0 0 -10.0 567.0 145.0 586.0 195.0 0.0 0.0 0.0 0.0 0.0 0.0 -10.0 0.6413
23 33 Pedestrian 0 0 -10.0 306.0 130.0 387.0 333.0 0.0 0.0 0.0 0.0 0.0 0.0 -10.0 0.6124
23 35 Cyclist 0 0 -10.0 419.0 141.0 463.0 191.0 0.0 0.0 0.0 0.0 0.0 0.0 -10.0 0.5292
23 36 Pedestrian 0 0 -10.0 963.0 144.0 1079.0 370.0 0.0 0.0 0.0 0.0 0.0 0.0 -10.0 0.7428
23 10 Pedestrian 0 0 -10.0 570.0 143.0 590.0 194.0 0.0 0.0 0.0 0.0 0.0 0.0 -10.0 0.1763
24 1 Pedestrian 0 0 -10.0 713.0 137.0 820.0 368.0 0.0 0.0 0.0 0.0 0.0 0.0 -10.0 0.7981
24 2 Pedestrian 0 0 -10.0 765.0 136.0 859.0 363.0 0.0 0.0 0.0 0.0 0.0 0.0 -10.0 0.6804
24 26 Pedestrian 0 0 -10.0 397.0 134.0 484.0 327.0 0.0 0.0 0.0 0.0 0.0 0.0 -10.0 0.821
24 27 Pedestrian 0 0 -10.0 507.0 138.0 529.0 206.0 0.0 0.0 0.0 0.0 0.0 0.0 -10.0 0.4064
24 8 Pedestrian 0 0 -10.0 534.0 142.0 557.0 198.0 0.0 0.0 0.0 0.0 0.0 0.0 -10.0 0.4948
24 3 Pedestrian 0 0 -10.0 568.0 146.0 586.0 196.0 0.0 0.0 0.0 0.0 0.0 0.0 -10.0 0.6218
24 33 Pedestrian 0 0 -10.0 316.0 132.0 398.0 335.0 0.0 0.0 0.0 0.0 0.0 0.0 -10.0 0.7858
24 35 Cyclist 0 0 -10.0 408.0 141.0 455.0 196.0 0.0 0.0 0.0 0.0 0.0 0.0 -10.0 0.4621
24 36 Pedestrian 0 0 -10.0 931.0 140.0 1042.0 369.0 0.0 0.0 0.0 0.0 0.0 0.0 -10.0 0.7015
24 10 Pedestrian 0 0 -10.0 571.0 145.0 590.0 195.0 0.0 0.0 0.0 0.0 0.0 0.0 -10.0 0.4947
25 1 Pedestrian 0 0 -10.0 736.0 135.0 847.0 366.0 0.0 0.0 0.0 0.0 0.0 0.0 -10.0 0.7008
25 2 Pedestrian 0 0 -10.0 777.0 133.0 874.0 364.0 0.0 0.0 0.0 0.0 0.0 0.0 -10.0 0.5828
25 26 Pedestrian 0 0 -10.0 412.0 136.0 496.0 329.0 0.0 0.0 0.0 0.0 0.0 0.0 -10.0 0.811
25 27 Pedestrian 0 0 -10.0 507.0 138.0 527.0 198.0 0.0 0.0 0.0 0.0 0.0 0.0 -10.0 0.1683
25 8 Pedestrian 0 0 -10.0 534.0 141.0 557.0 201.0 0.0 0.0 0.0 0.0 0.0 0.0 -10.0 0.3507
25 3 Pedestrian 0 0 -10.0 567.0 146.0 586.0 195.0 0.0 0.0 0.0 0.0 0.0 0.0 -10.0 0.6099
25 33 Pedestrian 0 0 -10.0 324.0 131.0 411.0 336.0 0.0 0.0 0.0 0.0 0.0 0.0 -10.0 0.8012
25 35 Cyclist 0 0 -10.0 405.0 141.0 454.0 194.0 0.0 0.0 0.0 0.0 0.0 0.0 -10.0 0.5572
25 36 Pedestrian 0 0 -10.0 905.0 138.0 1017.0 368.0 0.0 0.0 0.0 0.0 0.0 0.0 -10.0 0.6987
25 10 Pedestrian 0 0 -10.0 571.0 146.0 590.0 194.0 0.0 0.0 0.0 0.0 0.0 0.0 -10.0 0.4296
26 1 Pedestrian 0 0 -10.0 747.0 134.0 865.0 363.0 0.0 0.0 0.0 0.0 0.0 0.0 -10.0 0.7408
26 2 Pedestrian 0 0 -10.0 790.0 133.0 898.0 364.0 0.0 0.0 0.0 0.0 0.0 0.0 -10.0 0.4473
26 26 Pedestrian 0 0 -10.0 430.0 136.0 508.0 331.0 0.0 0.0 0.0 0.0 0.0 0.0 -10.0 0.787
26 27 Pedestrian 0 0 -10.0 506.0 138.0 526.0 194.0 0.0 0.0 0.0 0.0 0.0 0.0 -10.0 0.1748
26 8 Pedestrian 0 0 -10.0 533.0 142.0 554.0 205.0 0.0 0.0 0.0 0.0 0.0 0.0 -10.0 0.3365
26 3 Pedestrian 0 0 -10.0 568.0 145.0 587.0 195.0 0.0 0.0 0.0 0.0 0.0 0.0 -10.0 0.5565
26 33 Pedestrian 0 0 -10.0 331.0 128.0 425.0 337.0 0.0 0.0 0.0 0.0 0.0 0.0 -10.0 0.7814
26 35 Cyclist 0 0 -10.0 401.0 140.0 449.0 191.0 0.0 0.0 0.0 0.0 0.0 0.0 -10.0 0.7229
26 36 Pedestrian 0 0 -10.0 879.0 141.0 996.0 368.0 0.0 0.0 0.0 0.0 0.0 0.0 -10.0 0.8065
26 10 Pedestrian 0 0 -10.0 571.0 144.0 591.0 193.0 0.0 0.0 0.0 0.0 0.0 0.0 -10.0 0.3711
27 1 Pedestrian 0 0 -10.0 757.0 133.0 880.0 365.0 0.0 0.0 0.0 0.0 0.0 0.0 -10.0 0.7047
27 2 Pedestrian 0 0 -10.0 815.0 134.0 930.0 364.0 0.0 0.0 0.0 0.0 0.0 0.0 -10.0 0.4761
27 26 Pedestrian 0 0 -10.0 444.0 137.0 518.0 331.0 0.0 0.0 0.0 0.0 0.0 0.0 -10.0 0.8047
27 8 Pedestrian 0 0 -10.0 530.0 141.0 551.0 207.0 0.0 0.0 0.0 0.0 0.0 0.0 -10.0 0.1618
27 3 Pedestrian 0 0 -10.0 569.0 144.0 588.0 196.0 0.0 0.0 0.0 0.0 0.0 0.0 -10.0 0.522
27 33 Pedestrian 0 0 -10.0 344.0 126.0 432.0 341.0 0.0 0.0 0.0 0.0 0.0 0.0 -10.0 0.716
27 35 Cyclist 0 0 -10.0 393.0 137.0 445.0 189.0 0.0 0.0 0.0 0.0 0.0 0.0 -10.0 0.572
27 36 Pedestrian 0 0 -10.0 849.0 133.0 964.0 367.0 0.0 0.0 0.0 0.0 0.0 0.0 -10.0 0.6306
27 10 Pedestrian 0 0 -10.0 572.0 143.0 591.0 195.0 0.0 0.0 0.0 0.0 0.0 0.0 -10.0 0.5582
28 1 Pedestrian 0 0 -10.0 772.0 135.0 899.0 368.0 0.0 0.0 0.0 0.0 0.0 0.0 -10.0 0.7396
28 2 Pedestrian 0 0 -10.0 831.0 135.0 948.0 365.0 0.0 0.0 0.0 0.0 0.0 0.0 -10.0 0.6564
28 26 Pedestrian 0 0 -10.0 453.0 136.0 538.0 332.0 0.0 0.0 0.0 0.0 0.0 0.0 -10.0 0.8329
28 8 Pedestrian 0 0 -10.0 527.0 139.0 548.0 208.0 0.0 0.0 0.0 0.0 0.0 0.0 -10.0 0.1585
28 3 Pedestrian 0 0 -10.0 569.0 142.0 588.0 197.0 0.0 0.0 0.0 0.0 0.0 0.0 -10.0 0.4926
28 33 Pedestrian 0 0 -10.0 359.0 124.0 440.0 344.0 0.0 0.0 0.0 0.0 0.0 0.0 -10.0 0.7055
28 35 Cyclist 0 0 -10.0 385.0 136.0 436.0 191.0 0.0 0.0 0.0 0.0 0.0 0.0 -10.0 0.1367
28 36 Pedestrian 0 0 -10.0 781.0 139.0 935.0 359.0 0.0 0.0 0.0 0.0 0.0 0.0 -10.0 0.1378
28 10 Pedestrian 0 0 -10.0 573.0 142.0 592.0 195.0 0.0 0.0 0.0 0.0 0.0 0.0 -10.0 0.5993
29 1 Pedestrian 0 0 -10.0 792.0 135.0 916.0 369.0 0.0 0.0 0.0 0.0 0.0 0.0 -10.0 0.64
29 2 Pedestrian 0 0 -10.0 856.0 135.0 967.0 365.0 0.0 0.0 0.0 0.0 0.0 0.0 -10.0 0.6902
29 26 Pedestrian 0 0 -10.0 461.0 137.0 555.0 336.0 0.0 0.0 0.0 0.0 0.0 0.0 -10.0 0.8461
29 8 Pedestrian 0 0 -10.0 524.0 138.0 547.0 210.0 0.0 0.0 0.0 0.0 0.0 0.0 -10.0 0.6649
29 3 Pedestrian 0 0 -10.0 570.0 140.0 589.0 197.0 0.0 0.0 0.0 0.0 0.0 0.0 -10.0 0.4139
29 33 Pedestrian 0 0 -10.0 371.0 125.0 452.0 346.0 0.0 0.0 0.0 0.0 0.0 0.0 -10.0 0.7929
29 35 Cyclist 0 0 -10.0 376.0 138.0 424.0 191.0 0.0 0.0 0.0 0.0 0.0 0.0 -10.0 0.1527
29 36 Pedestrian 0 0 -10.0 772.0 140.0 933.0 358.0 0.0 0.0 0.0 0.0 0.0 0.0 -10.0 0.4242
29 10 Pedestrian 0 0 -10.0 573.0 142.0 592.0 196.0 0.0 0.0 0.0 0.0 0.0 0.0 -10.0 0.6585
30 1 Pedestrian 0 0 -10.0 811.0 136.0 927.0 366.0 0.0 0.0 0.0 0.0 0.0 0.0 -10.0 0.2745
30 2 Pedestrian 0 0 -10.0 858.0 134.0 988.0 364.0 0.0 0.0 0.0 0.0 0.0 0.0 -10.0 0.6808
30 26 Pedestrian 0 0 -10.0 476.0 138.0 568.0 341.0 0.0 0.0 0.0 0.0 0.0 0.0 -10.0 0.8489
30 8 Pedestrian 0 0 -10.0 526.0 139.0 546.0 203.0 0.0 0.0 0.0 0.0 0.0 0.0 -10.0 0.2009
30 3 Pedestrian 0 0 -10.0 570.0 142.0 590.0 198.0 0.0 0.0 0.0 0.0 0.0 0.0 -10.0 0.3371
30 33 Pedestrian 0 0 -10.0 382.0 126.0 466.0 349.0 0.0 0.0 0.0 0.0 0.0 0.0 -10.0 0.7684
30 35 Cyclist 0 0 -10.0 372.0 140.0 418.0 186.0 0.0 0.0 0.0 0.0 0.0 0.0 -10.0 0.4314
30 36 Pedestrian 0 0 -10.0 769.0 140.0 905.0 362.0 0.0 0.0 0.0 0.0 0.0 0.0 -10.0 0.7682
30 10 Pedestrian 0 0 -10.0 574.0 145.0 594.0 197.0 0.0 0.0 0.0 0.0 0.0 0.0 -10.0 0.7138
31 1 Pedestrian 0 0 -10.0 843.0 133.0 967.0 367.0 0.0 0.0 0.0 0.0 0.0 0.0 -10.0 0.5702
31 2 Pedestrian 0 0 -10.0 838.0 131.0 1010.0 360.0 0.0 0.0 0.0 0.0 0.0 0.0 -10.0 0.714
31 26 Pedestrian 0 0 -10.0 493.0 136.0 576.0 344.0 0.0 0.0 0.0 0.0 0.0 0.0 -10.0 0.7781
31 8 Pedestrian 0 0 -10.0 521.0 138.0 545.0 205.0 0.0 0.0 0.0 0.0 0.0 0.0 -10.0 0.1059
31 3 Pedestrian 0 0 -10.0 570.0 143.0 591.0 198.0 0.0 0.0 0.0 0.0 0.0 0.0 -10.0 0.4998
31 33 Pedestrian 0 0 -10.0 388.0 128.0 481.0 353.0 0.0 0.0 0.0 0.0 0.0 0.0 -10.0 0.7889
31 35 Cyclist 0 0 -10.0 366.0 141.0 414.0 188.0 0.0 0.0 0.0 0.0 0.0 0.0 -10.0 0.5382
31 36 Pedestrian 0 0 -10.0 757.0 148.0 873.0 360.0 0.0 0.0 0.0 0.0 0.0 0.0 -10.0 0.7813
31 10 Pedestrian 0 0 -10.0 574.0 145.0 594.0 198.0 0.0 0.0 0.0 0.0 0.0 0.0 -10.0 0.6792
32 1 Pedestrian 0 0 -10.0 849.0 139.0 1004.0 366.0 0.0 0.0 0.0 0.0 0.0 0.0 -10.0 0.7276
32 2 Pedestrian 0 0 -10.0 874.0 130.0 1034.0 362.0 0.0 0.0 0.0 0.0 0.0 0.0 -10.0 0.5861
32 26 Pedestrian 0 0 -10.0 511.0 135.0 591.0 349.0 0.0 0.0 0.0 0.0 0.0 0.0 -10.0 0.8138
32 8 Pedestrian 0 0 -10.0 521.0 135.0 542.0 206.0 0.0 0.0 0.0 0.0 0.0 0.0 -10.0 0.392
32 3 Pedestrian 0 0 -10.0 573.0 144.0 591.0 199.0 0.0 0.0 0.0 0.0 0.0 0.0 -10.0 0.1681
32 33 Pedestrian 0 0 -10.0 400.0 125.0 490.0 354.0 0.0 0.0 0.0 0.0 0.0 0.0 -10.0 0.7786
32 35 Cyclist 0 0 -10.0 358.0 140.0 409.0 190.0 0.0 0.0 0.0 0.0 0.0 0.0 -10.0 0.6504
32 36 Pedestrian 0 0 -10.0 742.0 150.0 841.0 357.0 0.0 0.0 0.0 0.0 0.0 0.0 -10.0 0.7663
32 10 Pedestrian 0 0 -10.0 576.0 144.0 594.0 196.0 0.0 0.0 0.0 0.0 0.0 0.0 -10.0 0.3862
33 1 Pedestrian 0 0 -10.0 861.0 143.0 1034.0 366.0 0.0 0.0 0.0 0.0 0.0 0.0 -10.0 0.8142
33 2 Pedestrian 0 0 -10.0 913.0 131.0 1048.0 363.0 0.0 0.0 0.0 0.0 0.0 0.0 -10.0 0.3651
33 26 Pedestrian 0 0 -10.0 523.0 134.0 609.0 350.0 0.0 0.0 0.0 0.0 0.0 0.0 -10.0 0.7809
33 8 Pedestrian 0 0 -10.0 522.0 134.0 541.0 203.0 0.0 0.0 0.0 0.0 0.0 0.0 -10.0 0.416
33 3 Pedestrian 0 0 -10.0 573.0 144.0 591.0 200.0 0.0 0.0 0.0 0.0 0.0 0.0 -10.0 0.1156
33 33 Pedestrian 0 0 -10.0 416.0 125.0 504.0 358.0 0.0 0.0 0.0 0.0 0.0 0.0 -10.0 0.6478
33 35 Cyclist 0 0 -10.0 351.0 141.0 402.0 190.0 0.0 0.0 0.0 0.0 0.0 0.0 -10.0 0.4311
33 36 Pedestrian 0 0 -10.0 722.0 149.0 808.0 354.0 0.0 0.0 0.0 0.0 0.0 0.0 -10.0 0.7797
33 10 Pedestrian 0 0 -10.0 577.0 144.0 595.0 196.0 0.0 0.0 0.0 0.0 0.0 0.0 -10.0 0.1085
34 1 Pedestrian 0 0 -10.0 883.0 143.0 1063.0 365.0 0.0 0.0 0.0 0.0 0.0 0.0 -10.0 0.7917
34 2 Pedestrian 0 0 -10.0 935.0 134.0 1067.0 365.0 0.0 0.0 0.0 0.0 0.0 0.0 -10.0 0.2425
34 26 Pedestrian 0 0 -10.0 533.0 134.0 624.0 351.0 0.0 0.0 0.0 0.0 0.0 0.0 -10.0 0.8188
34 8 Pedestrian 0 0 -10.0 520.0 134.0 540.0 200.0 0.0 0.0 0.0 0.0 0.0 0.0 -10.0 0.5173
34 3 Pedestrian 0 0 -10.0 572.0 143.0 591.0 203.0 0.0 0.0 0.0 0.0 0.0 0.0 -10.0 0.1359
34 33 Pedestrian 0 0 -10.0 433.0 124.0 520.0 360.0 0.0 0.0 0.0 0.0 0.0 0.0 -10.0 0.7746
34 35 Cyclist 0 0 -10.0 341.0 140.0 392.0 188.0 0.0 0.0 0.0 0.0 0.0 0.0 -10.0 0.5378
34 36 Pedestrian 0 0 -10.0 700.0 151.0 789.0 353.0 0.0 0.0 0.0 0.0 0.0 0.0 -10.0 0.8082
34 7 Pedestrian 0 0 -10.0 532.0 136.0 552.0 205.0 0.0 0.0 0.0 0.0 0.0 0.0 -10.0 0.4139
35 1 Pedestrian 0 0 -10.0 910.0 143.0 1085.0 365.0 0.0 0.0 0.0 0.0 0.0 0.0 -10.0 0.714
35 2 Pedestrian 0 0 -10.0 936.0 134.0 1063.0 366.0 0.0 0.0 0.0 0.0 0.0 0.0 -10.0 0.4295
35 26 Pedestrian 0 0 -10.0 547.0 136.0 639.0 355.0 0.0 0.0 0.0 0.0 0.0 0.0 -10.0 0.7845
35 8 Pedestrian 0 0 -10.0 519.0 136.0 539.0 197.0 0.0 0.0 0.0 0.0 0.0 0.0 -10.0 0.3297
35 3 Pedestrian 0 0 -10.0 567.0 143.0 589.0 206.0 0.0 0.0 0.0 0.0 0.0 0.0 -10.0 0.2132
35 33 Pedestrian 0 0 -10.0 446.0 127.0 539.0 361.0 0.0 0.0 0.0 0.0 0.0 0.0 -10.0 0.7646
35 35 Cyclist 0 0 -10.0 334.0 140.0 384.0 190.0 0.0 0.0 0.0 0.0 0.0 0.0 -10.0 0.1324
35 36 Pedestrian 0 0 -10.0 677.0 154.0 776.0 351.0 0.0 0.0 0.0 0.0 0.0 0.0 -10.0 0.8075
35 7 Pedestrian 0 0 -10.0 536.0 138.0 559.0 210.0 0.0 0.0 0.0 0.0 0.0 0.0 -10.0 0.6104
36 1 Pedestrian 0 0 -10.0 934.0 137.0 1117.0 362.0 0.0 0.0 0.0 0.0 0.0 0.0 -10.0 0.7791
36 26 Pedestrian 0 0 -10.0 565.0 137.0 653.0 357.0 0.0 0.0 0.0 0.0 0.0 0.0 -10.0 0.791
36 8 Pedestrian 0 0 -10.0 516.0 138.0 537.0 204.0 0.0 0.0 0.0 0.0 0.0 0.0 -10.0 0.1112
36 33 Pedestrian 0 0 -10.0 455.0 129.0 555.0 359.0 0.0 0.0 0.0 0.0 0.0 0.0 -10.0 0.8031
36 35 Cyclist 0 0 -10.0 323.0 141.0 376.0 196.0 0.0 0.0 0.0 0.0 0.0 0.0 -10.0 0.1089
36 36 Pedestrian 0 0 -10.0 659.0 153.0 757.0 348.0 0.0 0.0 0.0 0.0 0.0 0.0 -10.0 0.8004
36 7 Pedestrian 0 0 -10.0 536.0 139.0 561.0 213.0 0.0 0.0 0.0 0.0 0.0 0.0 -10.0 0.6143
37 1 Pedestrian 0 0 -10.0 953.0 139.0 1139.0 362.0 0.0 0.0 0.0 0.0 0.0 0.0 -10.0 0.779
37 26 Pedestrian 0 0 -10.0 579.0 135.0 668.0 359.0 0.0 0.0 0.0 0.0 0.0 0.0 -10.0 0.8062
37 8 Pedestrian 0 0 -10.0 517.0 138.0 538.0 196.0 0.0 0.0 0.0 0.0 0.0 0.0 -10.0 0.1122
37 33 Pedestrian 0 0 -10.0 468.0 128.0 570.0 362.0 0.0 0.0 0.0 0.0 0.0 0.0 -10.0 0.801
37 36 Pedestrian 0 0 -10.0 640.0 149.0 722.0 345.0 0.0 0.0 0.0 0.0 0.0 0.0 -10.0 0.783
37 7 Pedestrian 0 0 -10.0 540.0 140.0 565.0 216.0 0.0 0.0 0.0 0.0 0.0 0.0 -10.0 0.6566
38 1 Pedestrian 0 0 -10.0 975.0 136.0 1179.0 362.0 0.0 0.0 0.0 0.0 0.0 0.0 -10.0 0.7997
38 26 Pedestrian 0 0 -10.0 590.0 135.0 690.0 360.0 0.0 0.0 0.0 0.0 0.0 0.0 -10.0 0.8141
38 8 Pedestrian 0 0 -10.0 519.0 135.0 538.0 191.0 0.0 0.0 0.0 0.0 0.0 0.0 -10.0 0.1884
38 33 Pedestrian 0 0 -10.0 484.0 127.0 586.0 360.0 0.0 0.0 0.0 0.0 0.0 0.0 -10.0 0.7901
38 7 Pedestrian 0 0 -10.0 544.0 138.0 566.0 205.0 0.0 0.0 0.0 0.0 0.0 0.0 -10.0 0.1878
38 10 Pedestrian 0 0 -10.0 585.0 146.0 602.0 200.0 0.0 0.0 0.0 0.0 0.0 0.0 -10.0 0.4939
39 1 Pedestrian 0 0 -10.0 1001.0 136.0 1212.0 363.0 0.0 0.0 0.0 0.0 0.0 0.0 -10.0 0.8442
39 26 Pedestrian 0 0 -10.0 600.0 135.0 704.0 359.0 0.0 0.0 0.0 0.0 0.0 0.0 -10.0 0.8251
39 8 Pedestrian 0 0 -10.0 519.0 133.0 539.0 192.0 0.0 0.0 0.0 0.0 0.0 0.0 -10.0 0.3894
39 33 Pedestrian 0 0 -10.0 502.0 126.0 603.0 358.0 0.0 0.0 0.0 0.0 0.0 0.0 -10.0 0.8025
39 7 Pedestrian 0 0 -10.0 547.0 135.0 569.0 199.0 0.0 0.0 0.0 0.0 0.0 0.0 -10.0 0.1563
39 10 Pedestrian 0 0 -10.0 582.0 142.0 602.0 200.0 0.0 0.0 0.0 0.0 0.0 0.0 -10.0 0.5581
40 1 Pedestrian 0 0 -10.0 1030.0 138.0 1224.0 362.0 0.0 0.0 0.0 0.0 0.0 0.0 -10.0 0.8033
40 26 Pedestrian 0 0 -10.0 611.0 136.0 713.0 357.0 0.0 0.0 0.0 0.0 0.0 0.0 -10.0 0.7706
40 8 Pedestrian 0 0 -10.0 520.0 132.0 540.0 200.0 0.0 0.0 0.0 0.0 0.0 0.0 -10.0 0.5724
40 33 Pedestrian 0 0 -10.0 518.0 128.0 615.0 362.0 0.0 0.0 0.0 0.0 0.0 0.0 -10.0 0.7781
40 7 Pedestrian 0 0 -10.0 546.0 137.0 567.0 201.0 0.0 0.0 0.0 0.0 0.0 0.0 -10.0 0.1892
40 77 Cyclist 0 0 -10.0 472.0 139.0 494.0 184.0 0.0 0.0 0.0 0.0 0.0 0.0 -10.0 0.3518
40 36 Pedestrian 0 0 -10.0 584.0 142.0 666.0 352.0 0.0 0.0 0.0 0.0 0.0 0.0 -10.0 0.6797
41 1 Pedestrian 0 0 -10.0 1055.0 142.0 1224.0 362.0 0.0 0.0 0.0 0.0 0.0 0.0 -10.0 0.9029
41 26 Pedestrian 0 0 -10.0 628.0 133.0 723.0 361.0 0.0 0.0 0.0 0.0 0.0 0.0 -10.0 0.796
41 8 Pedestrian 0 0 -10.0 519.0 133.0 541.0 203.0 0.0 0.0 0.0 0.0 0.0 0.0 -10.0 0.7173
41 33 Pedestrian 0 0 -10.0 532.0 129.0 637.0 364.0 0.0 0.0 0.0 0.0 0.0 0.0 -10.0 0.7859
41 7 Pedestrian 0 0 -10.0 546.0 138.0 568.0 204.0 0.0 0.0 0.0 0.0 0.0 0.0 -10.0 0.5146
41 77 Cyclist 0 0 -10.0 473.0 138.0 497.0 185.0 0.0 0.0 0.0 0.0 0.0 0.0 -10.0 0.276
42 1 Pedestrian 0 0 -10.0 1077.0 143.0 1224.0 364.0 0.0 0.0 0.0 0.0 0.0 0.0 -10.0 0.8174
42 26 Pedestrian 0 0 -10.0 644.0 132.0 736.0 363.0 0.0 0.0 0.0 0.0 0.0 0.0 -10.0 0.7999
42 8 Pedestrian 0 0 -10.0 519.0 135.0 540.0 204.0 0.0 0.0 0.0 0.0 0.0 0.0 -10.0 0.5723
42 33 Pedestrian 0 0 -10.0 539.0 128.0 651.0 365.0 0.0 0.0 0.0 0.0 0.0 0.0 -10.0 0.7723
42 7 Pedestrian 0 0 -10.0 547.0 139.0 569.0 211.0 0.0 0.0 0.0 0.0 0.0 0.0 -10.0 0.655
42 77 Cyclist 0 0 -10.0 470.0 137.0 497.0 185.0 0.0 0.0 0.0 0.0 0.0 0.0 -10.0 0.4957
43 1 Pedestrian 0 0 -10.0 1102.0 149.0 1224.0 363.0 0.0 0.0 0.0 0.0 0.0 0.0 -10.0 0.6082
43 26 Pedestrian 0 0 -10.0 659.0 131.0 756.0 365.0 0.0 0.0 0.0 0.0 0.0 0.0 -10.0 0.8362
43 8 Pedestrian 0 0 -10.0 520.0 135.0 540.0 205.0 0.0 0.0 0.0 0.0 0.0 0.0 -10.0 0.5706
43 33 Pedestrian 0 0 -10.0 559.0 128.0 663.0 364.0 0.0 0.0 0.0 0.0 0.0 0.0 -10.0 0.802
43 7 Pedestrian 0 0 -10.0 546.0 139.0 569.0 208.0 0.0 0.0 0.0 0.0 0.0 0.0 -10.0 0.3654
43 77 Cyclist 0 0 -10.0 470.0 138.0 495.0 185.0 0.0 0.0 0.0 0.0 0.0 0.0 -10.0 0.3527
43 36 Pedestrian 0 0 -10.0 523.0 138.0 614.0 345.0 0.0 0.0 0.0 0.0 0.0 0.0 -10.0 0.7471
44 26 Pedestrian 0 0 -10.0 669.0 130.0 776.0 367.0 0.0 0.0 0.0 0.0 0.0 0.0 -10.0 0.8124
44 8 Pedestrian 0 0 -10.0 521.0 133.0 541.0 203.0 0.0 0.0 0.0 0.0 0.0 0.0 -10.0 0.2807
44 33 Pedestrian 0 0 -10.0 573.0 125.0 681.0 364.0 0.0 0.0 0.0 0.0 0.0 0.0 -10.0 0.7768
44 7 Pedestrian 0 0 -10.0 549.0 139.0 570.0 207.0 0.0 0.0 0.0 0.0 0.0 0.0 -10.0 0.3033
44 77 Cyclist 0 0 -10.0 469.0 139.0 493.0 186.0 0.0 0.0 0.0 0.0 0.0 0.0 -10.0 0.2831
44 36 Pedestrian 0 0 -10.0 503.0 139.0 596.0 339.0 0.0 0.0 0.0 0.0 0.0 0.0 -10.0 0.7666
44 3 Pedestrian 0 0 -10.0 556.0 140.0 580.0 217.0 0.0 0.0 0.0 0.0 0.0 0.0 -10.0 0.6481
44 10 Pedestrian 0 0 -10.0 591.0 143.0 608.0 200.0 0.0 0.0 0.0 0.0 0.0 0.0 -10.0 0.3337
45 26 Pedestrian 0 0 -10.0 687.0 131.0 791.0 365.0 0.0 0.0 0.0 0.0 0.0 0.0 -10.0 0.7939
45 8 Pedestrian 0 0 -10.0 520.0 136.0 543.0 207.0 0.0 0.0 0.0 0.0 0.0 0.0 -10.0 0.1216
45 33 Pedestrian 0 0 -10.0 595.0 122.0 702.0 359.0 0.0 0.0 0.0 0.0 0.0 0.0 -10.0 0.7936
45 7 Pedestrian 0 0 -10.0 550.0 139.0 576.0 213.0 0.0 0.0 0.0 0.0 0.0 0.0 -10.0 0.4525
45 77 Cyclist 0 0 -10.0 465.0 139.0 490.0 186.0 0.0 0.0 0.0 0.0 0.0 0.0 -10.0 0.2034
45 36 Pedestrian 0 0 -10.0 487.0 142.0 572.0 336.0 0.0 0.0 0.0 0.0 0.0 0.0 -10.0 0.8518
45 3 Pedestrian 0 0 -10.0 555.0 139.0 582.0 221.0 0.0 0.0 0.0 0.0 0.0 0.0 -10.0 0.727
45 10 Pedestrian 0 0 -10.0 593.0 143.0 613.0 203.0 0.0 0.0 0.0 0.0 0.0 0.0 -10.0 0.626
46 26 Pedestrian 0 0 -10.0 702.0 130.0 808.0 363.0 0.0 0.0 0.0 0.0 0.0 0.0 -10.0 0.806
46 8 Pedestrian 0 0 -10.0 522.0 136.0 545.0 207.0 0.0 0.0 0.0 0.0 0.0 0.0 -10.0 0.6102
46 33 Pedestrian 0 0 -10.0 616.0 119.0 720.0 359.0 0.0 0.0 0.0 0.0 0.0 0.0 -10.0 0.777
46 7 Pedestrian 0 0 -10.0 551.0 139.0 578.0 214.0 0.0 0.0 0.0 0.0 0.0 0.0 -10.0 0.5921
46 77 Cyclist 0 0 -10.0 459.0 139.0 493.0 186.0 0.0 0.0 0.0 0.0 0.0 0.0 -10.0 0.136
46 36 Pedestrian 0 0 -10.0 471.0 146.0 543.0 335.0 0.0 0.0 0.0 0.0 0.0 0.0 -10.0 0.8043
46 3 Pedestrian 0 0 -10.0 555.0 140.0 584.0 222.0 0.0 0.0 0.0 0.0 0.0 0.0 -10.0 0.6713
46 10 Pedestrian 0 0 -10.0 595.0 143.0 616.0 206.0 0.0 0.0 0.0 0.0 0.0 0.0 -10.0 0.659
46 85 Pedestrian 0 0 -10.0 549.0 141.0 573.0 209.0 0.0 0.0 0.0 0.0 0.0 0.0 -10.0 0.4864
47 26 Pedestrian 0 0 -10.0 721.0 130.0 825.0 362.0 0.0 0.0 0.0 0.0 0.0 0.0 -10.0 0.8036
47 8 Pedestrian 0 0 -10.0 522.0 135.0 545.0 208.0 0.0 0.0 0.0 0.0 0.0 0.0 -10.0 0.7091
47 33 Pedestrian 0 0 -10.0 629.0 119.0 738.0 359.0 0.0 0.0 0.0 0.0 0.0 0.0 -10.0 0.7705
47 77 Cyclist 0 0 -10.0 459.0 140.0 491.0 184.0 0.0 0.0 0.0 0.0 0.0 0.0 -10.0 0.1091
47 36 Pedestrian 0 0 -10.0 451.0 144.0 527.0 332.0 0.0 0.0 0.0 0.0 0.0 0.0 -10.0 0.8111
47 3 Pedestrian 0 0 -10.0 555.0 140.0 584.0 223.0 0.0 0.0 0.0 0.0 0.0 0.0 -10.0 0.6145
47 10 Pedestrian 0 0 -10.0 597.0 143.0 620.0 208.0 0.0 0.0 0.0 0.0 0.0 0.0 -10.0 0.6606
47 85 Pedestrian 0 0 -10.0 550.0 141.0 574.0 210.0 0.0 0.0 0.0 0.0 0.0 0.0 -10.0 0.5965
48 26 Pedestrian 0 0 -10.0 737.0 129.0 839.0 362.0 0.0 0.0 0.0 0.0 0.0 0.0 -10.0 0.7767
48 8 Pedestrian 0 0 -10.0 521.0 134.0 545.0 208.0 0.0 0.0 0.0 0.0 0.0 0.0 -10.0 0.7011
48 33 Pedestrian 0 0 -10.0 645.0 117.0 760.0 360.0 0.0 0.0 0.0 0.0 0.0 0.0 -10.0 0.7722
48 36 Pedestrian 0 0 -10.0 428.0 146.0 512.0 332.0 0.0 0.0 0.0 0.0 0.0 0.0 -10.0 0.8088
48 3 Pedestrian 0 0 -10.0 554.0 140.0 582.0 223.0 0.0 0.0 0.0 0.0 0.0 0.0 -10.0 0.3776
48 10 Pedestrian 0 0 -10.0 597.0 143.0 621.0 208.0 0.0 0.0 0.0 0.0 0.0 0.0 -10.0 0.5986
48 85 Pedestrian 0 0 -10.0 549.0 140.0 572.0 209.0 0.0 0.0 0.0 0.0 0.0 0.0 -10.0 0.3207
48 7 Pedestrian 0 0 -10.0 552.0 140.0 579.0 210.0 0.0 0.0 0.0 0.0 0.0 0.0 -10.0 0.5489
49 26 Pedestrian 0 0 -10.0 754.0 129.0 865.0 363.0 0.0 0.0 0.0 0.0 0.0 0.0 -10.0 0.7735
49 8 Pedestrian 0 0 -10.0 520.0 132.0 546.0 208.0 0.0 0.0 0.0 0.0 0.0 0.0 -10.0 0.7371
49 33 Pedestrian 0 0 -10.0 665.0 115.0 777.0 360.0 0.0 0.0 0.0 0.0 0.0 0.0 -10.0 0.754
49 36 Pedestrian 0 0 -10.0 411.0 147.0 490.0 330.0 0.0 0.0 0.0 0.0 0.0 0.0 -10.0 0.826
49 10 Pedestrian 0 0 -10.0 600.0 142.0 624.0 208.0 0.0 0.0 0.0 0.0 0.0 0.0 -10.0 0.6632
49 85 Pedestrian 0 0 -10.0 550.0 139.0 573.0 205.0 0.0 0.0 0.0 0.0 0.0 0.0 -10.0 0.5427
49 7 Pedestrian 0 0 -10.0 555.0 140.0 581.0 209.0 0.0 0.0 0.0 0.0 0.0 0.0 -10.0 0.3059
50 26 Pedestrian 0 0 -10.0 775.0 130.0 885.0 365.0 0.0 0.0 0.0 0.0 0.0 0.0 -10.0 0.7426
50 8 Pedestrian 0 0 -10.0 520.0 131.0 546.0 209.0 0.0 0.0 0.0 0.0 0.0 0.0 -10.0 0.745
50 33 Pedestrian 0 0 -10.0 685.0 113.0 798.0 362.0 0.0 0.0 0.0 0.0 0.0 0.0 -10.0 0.7642
50 36 Pedestrian 0 0 -10.0 390.0 143.0 464.0 329.0 0.0 0.0 0.0 0.0 0.0 0.0 -10.0 0.7642
50 10 Pedestrian 0 0 -10.0 602.0 143.0 627.0 209.0 0.0 0.0 0.0 0.0 0.0 0.0 -10.0 0.6819
50 85 Pedestrian 0 0 -10.0 552.0 140.0 576.0 206.0 0.0 0.0 0.0 0.0 0.0 0.0 -10.0 0.5032
50 7 Pedestrian 0 0 -10.0 558.0 139.0 586.0 210.0 0.0 0.0 0.0 0.0 0.0 0.0 -10.0 0.508
50 77 Cyclist 0 0 -10.0 459.0 140.0 488.0 186.0 0.0 0.0 0.0 0.0 0.0 0.0 -10.0 0.2554
51 26 Pedestrian 0 0 -10.0 795.0 126.0 905.0 364.0 0.0 0.0 0.0 0.0 0.0 0.0 -10.0 0.6953
51 8 Pedestrian 0 0 -10.0 521.0 131.0 547.0 210.0 0.0 0.0 0.0 0.0 0.0 0.0 -10.0 0.7258
51 33 Pedestrian 0 0 -10.0 698.0 111.0 816.0 360.0 0.0 0.0 0.0 0.0 0.0 0.0 -10.0 0.7134
51 36 Pedestrian 0 0 -10.0 371.0 142.0 446.0 327.0 0.0 0.0 0.0 0.0 0.0 0.0 -10.0 0.778
51 10 Pedestrian 0 0 -10.0 605.0 145.0 630.0 209.0 0.0 0.0 0.0 0.0 0.0 0.0 -10.0 0.7295
51 85 Pedestrian 0 0 -10.0 553.0 139.0 578.0 208.0 0.0 0.0 0.0 0.0 0.0 0.0 -10.0 0.4601
51 7 Pedestrian 0 0 -10.0 563.0 138.0 591.0 213.0 0.0 0.0 0.0 0.0 0.0 0.0 -10.0 0.3457
51 77 Cyclist 0 0 -10.0 455.0 141.0 489.0 186.0 0.0 0.0 0.0 0.0 0.0 0.0 -10.0 0.1056
52 26 Pedestrian 0 0 -10.0 821.0 126.0 927.0 365.0 0.0 0.0 0.0 0.0 0.0 0.0 -10.0 0.7614
52 8 Pedestrian 0 0 -10.0 522.0 131.0 547.0 210.0 0.0 0.0 0.0 0.0 0.0 0.0 -10.0 0.683
52 33 Pedestrian 0 0 -10.0 713.0 111.0 837.0 361.0 0.0 0.0 0.0 0.0 0.0 0.0 -10.0 0.6737
52 36 Pedestrian 0 0 -10.0 346.0 143.0 435.0 326.0 0.0 0.0 0.0 0.0 0.0 0.0 -10.0 0.7843
52 10 Pedestrian 0 0 -10.0 607.0 145.0 632.0 209.0 0.0 0.0 0.0 0.0 0.0 0.0 -10.0 0.6888
52 85 Pedestrian 0 0 -10.0 553.0 138.0 579.0 208.0 0.0 0.0 0.0 0.0 0.0 0.0 -10.0 0.5646
52 7 Pedestrian 0 0 -10.0 567.0 140.0 594.0 214.0 0.0 0.0 0.0 0.0 0.0 0.0 -10.0 0.1131
52 77 Cyclist 0 0 -10.0 454.0 141.0 490.0 187.0 0.0 0.0 0.0 0.0 0.0 0.0 -10.0 0.1664
52 3 Pedestrian 0 0 -10.0 557.0 140.0 583.0 213.0 0.0 0.0 0.0 0.0 0.0 0.0 -10.0 0.3936
53 26 Pedestrian 0 0 -10.0 844.0 125.0 957.0 366.0 0.0 0.0 0.0 0.0 0.0 0.0 -10.0 0.6482
53 8 Pedestrian 0 0 -10.0 523.0 131.0 548.0 210.0 0.0 0.0 0.0 0.0 0.0 0.0 -10.0 0.6562
53 33 Pedestrian 0 0 -10.0 731.0 110.0 860.0 360.0 0.0 0.0 0.0 0.0 0.0 0.0 -10.0 0.5704
53 36 Pedestrian 0 0 -10.0 329.0 144.0 418.0 326.0 0.0 0.0 0.0 0.0 0.0 0.0 -10.0 0.8415
53 10 Pedestrian 0 0 -10.0 609.0 145.0 633.0 210.0 0.0 0.0 0.0 0.0 0.0 0.0 -10.0 0.6936
53 85 Pedestrian 0 0 -10.0 553.0 138.0 579.0 209.0 0.0 0.0 0.0 0.0 0.0 0.0 -10.0 0.6455
53 7 Pedestrian 0 0 -10.0 568.0 141.0 594.0 213.0 0.0 0.0 0.0 0.0 0.0 0.0 -10.0 0.1136
53 77 Cyclist 0 0 -10.0 451.0 141.0 492.0 188.0 0.0 0.0 0.0 0.0 0.0 0.0 -10.0 0.1212
54 26 Pedestrian 0 0 -10.0 848.0 126.0 997.0 366.0 0.0 0.0 0.0 0.0 0.0 0.0 -10.0 0.6612
54 8 Pedestrian 0 0 -10.0 523.0 130.0 549.0 211.0 0.0 0.0 0.0 0.0 0.0 0.0 -10.0 0.6996
54 33 Pedestrian 0 0 -10.0 749.0 111.0 881.0 360.0 0.0 0.0 0.0 0.0 0.0 0.0 -10.0 0.553
54 36 Pedestrian 0 0 -10.0 318.0 142.0 399.0 323.0 0.0 0.0 0.0 0.0 0.0 0.0 -10.0 0.6882
54 10 Pedestrian 0 0 -10.0 611.0 144.0 636.0 210.0 0.0 0.0 0.0 0.0 0.0 0.0 -10.0 0.6622
54 85 Pedestrian 0 0 -10.0 553.0 139.0 580.0 210.0 0.0 0.0 0.0 0.0 0.0 0.0 -10.0 0.6693
54 7 Pedestrian 0 0 -10.0 566.0 140.0 592.0 211.0 0.0 0.0 0.0 0.0 0.0 0.0 -10.0 0.1076
55 26 Pedestrian 0 0 -10.0 865.0 128.0 1037.0 364.0 0.0 0.0 0.0 0.0 0.0 0.0 -10.0 0.8004
55 8 Pedestrian 0 0 -10.0 524.0 130.0 550.0 211.0 0.0 0.0 0.0 0.0 0.0 0.0 -10.0 0.7101
55 33 Pedestrian 0 0 -10.0 771.0 106.0 907.0 361.0 0.0 0.0 0.0 0.0 0.0 0.0 -10.0 0.467
55 36 Pedestrian 0 0 -10.0 308.0 143.0 380.0 320.0 0.0 0.0 0.0 0.0 0.0 0.0 -10.0 0.6365
55 10 Pedestrian 0 0 -10.0 615.0 143.0 638.0 210.0 0.0 0.0 0.0 0.0 0.0 0.0 -10.0 0.6184
55 85 Pedestrian 0 0 -10.0 554.0 138.0 581.0 209.0 0.0 0.0 0.0 0.0 0.0 0.0 -10.0 0.7082
55 104 Pedestrian 0 0 -10.0 586.0 139.0 613.0 211.0 0.0 0.0 0.0 0.0 0.0 0.0 -10.0 0.3738
56 26 Pedestrian 0 0 -10.0 887.0 129.0 1072.0 364.0 0.0 0.0 0.0 0.0 0.0 0.0 -10.0 0.8335
56 8 Pedestrian 0 0 -10.0 525.0 132.0 552.0 212.0 0.0 0.0 0.0 0.0 0.0 0.0 -10.0 0.7139
56 33 Pedestrian 0 0 -10.0 800.0 105.0 935.0 359.0 0.0 0.0 0.0 0.0 0.0 0.0 -10.0 0.1505
56 36 Pedestrian 0 0 -10.0 291.0 147.0 362.0 319.0 0.0 0.0 0.0 0.0 0.0 0.0 -10.0 0.7785
56 10 Pedestrian 0 0 -10.0 616.0 144.0 640.0 211.0 0.0 0.0 0.0 0.0 0.0 0.0 -10.0 0.5284
56 85 Pedestrian 0 0 -10.0 560.0 141.0 587.0 211.0 0.0 0.0 0.0 0.0 0.0 0.0 -10.0 0.1097
56 104 Pedestrian 0 0 -10.0 591.0 140.0 622.0 228.0 0.0 0.0 0.0 0.0 0.0 0.0 -10.0 0.5513
56 3 Pedestrian 0 0 -10.0 557.0 139.0 582.0 210.0 0.0 0.0 0.0 0.0 0.0 0.0 -10.0 0.6875
56 77 Cyclist 0 0 -10.0 451.0 142.0 494.0 187.0 0.0 0.0 0.0 0.0 0.0 0.0 -10.0 0.2982
57 26 Pedestrian 0 0 -10.0 909.0 125.0 1104.0 363.0 0.0 0.0 0.0 0.0 0.0 0.0 -10.0 0.8338
57 8 Pedestrian 0 0 -10.0 526.0 133.0 553.0 214.0 0.0 0.0 0.0 0.0 0.0 0.0 -10.0 0.7249
57 36 Pedestrian 0 0 -10.0 276.0 146.0 350.0 320.0 0.0 0.0 0.0 0.0 0.0 0.0 -10.0 0.79
57 10 Pedestrian 0 0 -10.0 619.0 144.0 642.0 211.0 0.0 0.0 0.0 0.0 0.0 0.0 -10.0 0.5154
57 85 Pedestrian 0 0 -10.0 560.0 140.0 586.0 211.0 0.0 0.0 0.0 0.0 0.0 0.0 -10.0 0.7433
57 104 Pedestrian 0 0 -10.0 593.0 142.0 628.0 236.0 0.0 0.0 0.0 0.0 0.0 0.0 -10.0 0.733
57 77 Cyclist 0 0 -10.0 446.0 142.0 490.0 186.0 0.0 0.0 0.0 0.0 0.0 0.0 -10.0 0.2447
58 26 Pedestrian 0 0 -10.0 929.0 121.0 1145.0 362.0 0.0 0.0 0.0 0.0 0.0 0.0 -10.0 0.8247
58 8 Pedestrian 0 0 -10.0 528.0 133.0 555.0 214.0 0.0 0.0 0.0 0.0 0.0 0.0 -10.0 0.7547
58 36 Pedestrian 0 0 -10.0 259.0 147.0 326.0 314.0 0.0 0.0 0.0 0.0 0.0 0.0 -10.0 0.7373
58 10 Pedestrian 0 0 -10.0 621.0 144.0 644.0 211.0 0.0 0.0 0.0 0.0 0.0 0.0 -10.0 0.6889
58 85 Pedestrian 0 0 -10.0 561.0 139.0 587.0 213.0 0.0 0.0 0.0 0.0 0.0 0.0 -10.0 0.7612
58 104 Pedestrian 0 0 -10.0 595.0 142.0 632.0 238.0 0.0 0.0 0.0 0.0 0.0 0.0 -10.0 0.7499
58 77 Cyclist 0 0 -10.0 443.0 143.0 487.0 187.0 0.0 0.0 0.0 0.0 0.0 0.0 -10.0 0.3579
59 26 Pedestrian 0 0 -10.0 956.0 122.0 1177.0 362.0 0.0 0.0 0.0 0.0 0.0 0.0 -10.0 0.8401
59 8 Pedestrian 0 0 -10.0 530.0 132.0 558.0 215.0 0.0 0.0 0.0 0.0 0.0 0.0 -10.0 0.7514
59 36 Pedestrian 0 0 -10.0 247.0 147.0 311.0 310.0 0.0 0.0 0.0 0.0 0.0 0.0 -10.0 0.6873
59 10 Pedestrian 0 0 -10.0 624.0 143.0 647.0 208.0 0.0 0.0 0.0 0.0 0.0 0.0 -10.0 0.5119
59 85 Pedestrian 0 0 -10.0 562.0 138.0 588.0 213.0 0.0 0.0 0.0 0.0 0.0 0.0 -10.0 0.7421
59 104 Pedestrian 0 0 -10.0 598.0 140.0 635.0 240.0 0.0 0.0 0.0 0.0 0.0 0.0 -10.0 0.7659
59 77 Cyclist 0 0 -10.0 443.0 143.0 485.0 187.0 0.0 0.0 0.0 0.0 0.0 0.0 -10.0 0.584
60 26 Pedestrian 0 0 -10.0 987.0 124.0 1213.0 362.0 0.0 0.0 0.0 0.0 0.0 0.0 -10.0 0.8497
60 8 Pedestrian 0 0 -10.0 532.0 131.0 559.0 215.0 0.0 0.0 0.0 0.0 0.0 0.0 -10.0 0.7581
60 36 Pedestrian 0 0 -10.0 239.0 146.0 301.0 308.0 0.0 0.0 0.0 0.0 0.0 0.0 -10.0 0.7125
60 10 Pedestrian 0 0 -10.0 624.0 143.0 648.0 211.0 0.0 0.0 0.0 0.0 0.0 0.0 -10.0 0.5367
60 85 Pedestrian 0 0 -10.0 562.0 138.0 590.0 214.0 0.0 0.0 0.0 0.0 0.0 0.0 -10.0 0.7498
60 104 Pedestrian 0 0 -10.0 600.0 140.0 638.0 242.0 0.0 0.0 0.0 0.0 0.0 0.0 -10.0 0.7531
60 77 Cyclist 0 0 -10.0 443.0 143.0 484.0 187.0 0.0 0.0 0.0 0.0 0.0 0.0 -10.0 0.6485
61 26 Pedestrian 0 0 -10.0 1022.0 125.0 1224.0 364.0 0.0 0.0 0.0 0.0 0.0 0.0 -10.0 0.8762
61 8 Pedestrian 0 0 -10.0 534.0 130.0 561.0 215.0 0.0 0.0 0.0 0.0 0.0 0.0 -10.0 0.7164
61 36 Pedestrian 0 0 -10.0 229.0 151.0 294.0 308.0 0.0 0.0 0.0 0.0 0.0 0.0 -10.0 0.5643
61 10 Pedestrian 0 0 -10.0 625.0 143.0 652.0 212.0 0.0 0.0 0.0 0.0 0.0 0.0 -10.0 0.1292
61 85 Pedestrian 0 0 -10.0 562.0 138.0 590.0 215.0 0.0 0.0 0.0 0.0 0.0 0.0 -10.0 0.7387
61 104 Pedestrian 0 0 -10.0 603.0 140.0 643.0 243.0 0.0 0.0 0.0 0.0 0.0 0.0 -10.0 0.8093
61 77 Cyclist 0 0 -10.0 441.0 142.0 482.0 187.0 0.0 0.0 0.0 0.0 0.0 0.0 -10.0 0.4262
62 26 Pedestrian 0 0 -10.0 1059.0 124.0 1224.0 364.0 0.0 0.0 0.0 0.0 0.0 0.0 -10.0 0.8886
62 8 Pedestrian 0 0 -10.0 535.0 131.0 563.0 216.0 0.0 0.0 0.0 0.0 0.0 0.0 -10.0 0.7193
62 10 Pedestrian 0 0 -10.0 627.0 143.0 653.0 214.0 0.0 0.0 0.0 0.0 0.0 0.0 -10.0 0.1727
62 85 Pedestrian 0 0 -10.0 564.0 138.0 591.0 216.0 0.0 0.0 0.0 0.0 0.0 0.0 -10.0 0.714
62 104 Pedestrian 0 0 -10.0 607.0 141.0 648.0 243.0 0.0 0.0 0.0 0.0 0.0 0.0 -10.0 0.7837
62 77 Cyclist 0 0 -10.0 439.0 142.0 478.0 188.0 0.0 0.0 0.0 0.0 0.0 0.0 -10.0 0.3824
63 26 Pedestrian 0 0 -10.0 1066.0 117.0 1224.0 363.0 0.0 0.0 0.0 0.0 0.0 0.0 -10.0 0.757
63 8 Pedestrian 0 0 -10.0 536.0 132.0 564.0 216.0 0.0 0.0 0.0 0.0 0.0 0.0 -10.0 0.7023
63 10 Pedestrian 0 0 -10.0 624.0 141.0 655.0 220.0 0.0 0.0 0.0 0.0 0.0 0.0 -10.0 0.2413
63 85 Pedestrian 0 0 -10.0 564.0 138.0 593.0 216.0 0.0 0.0 0.0 0.0 0.0 0.0 -10.0 0.727
63 104 Pedestrian 0 0 -10.0 611.0 140.0 651.0 244.0 0.0 0.0 0.0 0.0 0.0 0.0 -10.0 0.7826
63 77 Cyclist 0 0 -10.0 434.0 141.0 473.0 190.0 0.0 0.0 0.0 0.0 0.0 0.0 -10.0 0.5429
64 26 Pedestrian 0 0 -10.0 1076.0 108.0 1224.0 365.0 0.0 0.0 0.0 0.0 0.0 0.0 -10.0 0.2033
64 8 Pedestrian 0 0 -10.0 536.0 131.0 565.0 216.0 0.0 0.0 0.0 0.0 0.0 0.0 -10.0 0.7278
64 85 Pedestrian 0 0 -10.0 565.0 137.0 596.0 217.0 0.0 0.0 0.0 0.0 0.0 0.0 -10.0 0.7276
64 104 Pedestrian 0 0 -10.0 616.0 140.0 657.0 245.0 0.0 0.0 0.0 0.0 0.0 0.0 -10.0 0.8156
64 77 Cyclist 0 0 -10.0 431.0 141.0 469.0 191.0 0.0 0.0 0.0 0.0 0.0 0.0 -10.0 0.6305
65 8 Pedestrian 0 0 -10.0 536.0 130.0 565.0 218.0 0.0 0.0 0.0 0.0 0.0 0.0 -10.0 0.753
65 85 Pedestrian 0 0 -10.0 568.0 138.0 598.0 217.0 0.0 0.0 0.0 0.0 0.0 0.0 -10.0 0.7397
65 104 Pedestrian 0 0 -10.0 621.0 140.0 662.0 246.0 0.0 0.0 0.0 0.0 0.0 0.0 -10.0 0.8043
65 77 Cyclist 0 0 -10.0 428.0 141.0 466.0 191.0 0.0 0.0 0.0 0.0 0.0 0.0 -10.0 0.625
66 8 Pedestrian 0 0 -10.0 537.0 131.0 565.0 217.0 0.0 0.0 0.0 0.0 0.0 0.0 -10.0 0.6668
66 85 Pedestrian 0 0 -10.0 569.0 139.0 600.0 217.0 0.0 0.0 0.0 0.0 0.0 0.0 -10.0 0.7452
66 104 Pedestrian 0 0 -10.0 624.0 141.0 666.0 247.0 0.0 0.0 0.0 0.0 0.0 0.0 -10.0 0.7833
66 77 Cyclist 0 0 -10.0 424.0 142.0 462.0 191.0 0.0 0.0 0.0 0.0 0.0 0.0 -10.0 0.6755
67 8 Pedestrian 0 0 -10.0 538.0 132.0 566.0 218.0 0.0 0.0 0.0 0.0 0.0 0.0 -10.0 0.7178
67 85 Pedestrian 0 0 -10.0 572.0 139.0 602.0 218.0 0.0 0.0 0.0 0.0 0.0 0.0 -10.0 0.7678
67 104 Pedestrian 0 0 -10.0 627.0 142.0 670.0 249.0 0.0 0.0 0.0 0.0 0.0 0.0 -10.0 0.7302
67 77 Cyclist 0 0 -10.0 421.0 142.0 459.0 191.0 0.0 0.0 0.0 0.0 0.0 0.0 -10.0 0.5498
68 8 Pedestrian 0 0 -10.0 539.0 133.0 568.0 219.0 0.0 0.0 0.0 0.0 0.0 0.0 -10.0 0.7256
68 85 Pedestrian 0 0 -10.0 575.0 139.0 606.0 219.0 0.0 0.0 0.0 0.0 0.0 0.0 -10.0 0.798
68 104 Pedestrian 0 0 -10.0 633.0 140.0 676.0 250.0 0.0 0.0 0.0 0.0 0.0 0.0 -10.0 0.7999
68 77 Cyclist 0 0 -10.0 419.0 141.0 456.0 191.0 0.0 0.0 0.0 0.0 0.0 0.0 -10.0 0.5877
69 8 Pedestrian 0 0 -10.0 540.0 132.0 569.0 219.0 0.0 0.0 0.0 0.0 0.0 0.0 -10.0 0.7298
69 85 Pedestrian 0 0 -10.0 577.0 137.0 607.0 218.0 0.0 0.0 0.0 0.0 0.0 0.0 -10.0 0.7704
69 104 Pedestrian 0 0 -10.0 637.0 139.0 680.0 252.0 0.0 0.0 0.0 0.0 0.0 0.0 -10.0 0.7901
69 77 Cyclist 0 0 -10.0 415.0 142.0 454.0 191.0 0.0 0.0 0.0 0.0 0.0 0.0 -10.0 0.5498
70 8 Pedestrian 0 0 -10.0 540.0 131.0 570.0 219.0 0.0 0.0 0.0 0.0 0.0 0.0 -10.0 0.7162
70 85 Pedestrian 0 0 -10.0 579.0 138.0 610.0 220.0 0.0 0.0 0.0 0.0 0.0 0.0 -10.0 0.764
70 104 Pedestrian 0 0 -10.0 641.0 140.0 686.0 254.0 0.0 0.0 0.0 0.0 0.0 0.0 -10.0 0.7741
70 77 Cyclist 0 0 -10.0 414.0 141.0 453.0 190.0 0.0 0.0 0.0 0.0 0.0 0.0 -10.0 0.6632
71 8 Pedestrian 0 0 -10.0 540.0 130.0 571.0 221.0 0.0 0.0 0.0 0.0 0.0 0.0 -10.0 0.7381
71 85 Pedestrian 0 0 -10.0 581.0 140.0 613.0 221.0 0.0 0.0 0.0 0.0 0.0 0.0 -10.0 0.7599
71 104 Pedestrian 0 0 -10.0 647.0 142.0 693.0 257.0 0.0 0.0 0.0 0.0 0.0 0.0 -10.0 0.7915
71 77 Cyclist 0 0 -10.0 412.0 141.0 452.0 190.0 0.0 0.0 0.0 0.0 0.0 0.0 -10.0 0.5241
71 10 Pedestrian 0 0 -10.0 643.0 144.0 679.0 221.0 0.0 0.0 0.0 0.0 0.0 0.0 -10.0 0.4271
72 8 Pedestrian 0 0 -10.0 541.0 131.0 572.0 222.0 0.0 0.0 0.0 0.0 0.0 0.0 -10.0 0.741
72 85 Pedestrian 0 0 -10.0 585.0 139.0 616.0 221.0 0.0 0.0 0.0 0.0 0.0 0.0 -10.0 0.7594
72 104 Pedestrian 0 0 -10.0 651.0 142.0 699.0 259.0 0.0 0.0 0.0 0.0 0.0 0.0 -10.0 0.7636
72 77 Cyclist 0 0 -10.0 412.0 141.0 450.0 190.0 0.0 0.0 0.0 0.0 0.0 0.0 -10.0 0.4722
72 10 Pedestrian 0 0 -10.0 646.0 143.0 676.0 217.0 0.0 0.0 0.0 0.0 0.0 0.0 -10.0 0.3845
73 8 Pedestrian 0 0 -10.0 541.0 131.0 572.0 224.0 0.0 0.0 0.0 0.0 0.0 0.0 -10.0 0.7689
73 85 Pedestrian 0 0 -10.0 587.0 139.0 618.0 222.0 0.0 0.0 0.0 0.0 0.0 0.0 -10.0 0.7453
73 104 Pedestrian 0 0 -10.0 658.0 142.0 706.0 262.0 0.0 0.0 0.0 0.0 0.0 0.0 -10.0 0.7568
73 77 Cyclist 0 0 -10.0 410.0 141.0 449.0 189.0 0.0 0.0 0.0 0.0 0.0 0.0 -10.0 0.3594
73 10 Pedestrian 0 0 -10.0 646.0 145.0 675.0 219.0 0.0 0.0 0.0 0.0 0.0 0.0 -10.0 0.5466
74 8 Pedestrian 0 0 -10.0 541.0 130.0 573.0 225.0 0.0 0.0 0.0 0.0 0.0 0.0 -10.0 0.7778
74 85 Pedestrian 0 0 -10.0 589.0 139.0 621.0 223.0 0.0 0.0 0.0 0.0 0.0 0.0 -10.0 0.7512
74 104 Pedestrian 0 0 -10.0 667.0 141.0 713.0 262.0 0.0 0.0 0.0 0.0 0.0 0.0 -10.0 0.7788
74 77 Cyclist 0 0 -10.0 409.0 141.0 448.0 189.0 0.0 0.0 0.0 0.0 0.0 0.0 -10.0 0.4241
74 10 Pedestrian 0 0 -10.0 648.0 146.0 676.0 220.0 0.0 0.0 0.0 0.0 0.0 0.0 -10.0 0.6032
75 8 Pedestrian 0 0 -10.0 541.0 129.0 575.0 227.0 0.0 0.0 0.0 0.0 0.0 0.0 -10.0 0.7549
75 85 Pedestrian 0 0 -10.0 592.0 140.0 626.0 224.0 0.0 0.0 0.0 0.0 0.0 0.0 -10.0 0.7917
75 104 Pedestrian 0 0 -10.0 671.0 142.0 720.0 263.0 0.0 0.0 0.0 0.0 0.0 0.0 -10.0 0.7936
75 77 Cyclist 0 0 -10.0 408.0 143.0 447.0 188.0 0.0 0.0 0.0 0.0 0.0 0.0 -10.0 0.3373
75 10 Pedestrian 0 0 -10.0 651.0 148.0 679.0 222.0 0.0 0.0 0.0 0.0 0.0 0.0 -10.0 0.7192
76 8 Pedestrian 0 0 -10.0 543.0 127.0 577.0 228.0 0.0 0.0 0.0 0.0 0.0 0.0 -10.0 0.7768
76 85 Pedestrian 0 0 -10.0 595.0 141.0 630.0 225.0 0.0 0.0 0.0 0.0 0.0 0.0 -10.0 0.7641
76 104 Pedestrian 0 0 -10.0 677.0 143.0 730.0 266.0 0.0 0.0 0.0 0.0 0.0 0.0 -10.0 0.8382
76 77 Cyclist 0 0 -10.0 404.0 142.0 441.0 188.0 0.0 0.0 0.0 0.0 0.0 0.0 -10.0 0.307
76 10 Pedestrian 0 0 -10.0 654.0 148.0 682.0 222.0 0.0 0.0 0.0 0.0 0.0 0.0 -10.0 0.7412
77 8 Pedestrian 0 0 -10.0 545.0 127.0 579.0 229.0 0.0 0.0 0.0 0.0 0.0 0.0 -10.0 0.7676
77 85 Pedestrian 0 0 -10.0 599.0 141.0 633.0 225.0 0.0 0.0 0.0 0.0 0.0 0.0 -10.0 0.7431
77 104 Pedestrian 0 0 -10.0 681.0 142.0 735.0 267.0 0.0 0.0 0.0 0.0 0.0 0.0 -10.0 0.8366
77 77 Cyclist 0 0 -10.0 403.0 142.0 439.0 188.0 0.0 0.0 0.0 0.0 0.0 0.0 -10.0 0.2551
77 10 Pedestrian 0 0 -10.0 657.0 147.0 686.0 223.0 0.0 0.0 0.0 0.0 0.0 0.0 -10.0 0.7488
78 8 Pedestrian 0 0 -10.0 546.0 128.0 580.0 230.0 0.0 0.0 0.0 0.0 0.0 0.0 -10.0 0.7521
78 85 Pedestrian 0 0 -10.0 602.0 141.0 636.0 227.0 0.0 0.0 0.0 0.0 0.0 0.0 -10.0 0.7886
78 104 Pedestrian 0 0 -10.0 691.0 140.0 742.0 269.0 0.0 0.0 0.0 0.0 0.0 0.0 -10.0 0.8391
78 77 Cyclist 0 0 -10.0 402.0 141.0 438.0 187.0 0.0 0.0 0.0 0.0 0.0 0.0 -10.0 0.212
78 10 Pedestrian 0 0 -10.0 660.0 147.0 690.0 224.0 0.0 0.0 0.0 0.0 0.0 0.0 -10.0 0.724
79 8 Pedestrian 0 0 -10.0 548.0 128.0 582.0 232.0 0.0 0.0 0.0 0.0 0.0 0.0 -10.0 0.7747
79 85 Pedestrian 0 0 -10.0 604.0 141.0 638.0 228.0 0.0 0.0 0.0 0.0 0.0 0.0 -10.0 0.8097
79 104 Pedestrian 0 0 -10.0 698.0 139.0 748.0 273.0 0.0 0.0 0.0 0.0 0.0 0.0 -10.0 0.795
79 77 Cyclist 0 0 -10.0 402.0 141.0 437.0 187.0 0.0 0.0 0.0 0.0 0.0 0.0 -10.0 0.3374
79 10 Pedestrian 0 0 -10.0 662.0 147.0 693.0 224.0 0.0 0.0 0.0 0.0 0.0 0.0 -10.0 0.7551
80 8 Pedestrian 0 0 -10.0 549.0 128.0 584.0 233.0 0.0 0.0 0.0 0.0 0.0 0.0 -10.0 0.7748
80 85 Pedestrian 0 0 -10.0 606.0 141.0 641.0 230.0 0.0 0.0 0.0 0.0 0.0 0.0 -10.0 0.775
80 104 Pedestrian 0 0 -10.0 702.0 140.0 755.0 277.0 0.0 0.0 0.0 0.0 0.0 0.0 -10.0 0.8185
80 77 Cyclist 0 0 -10.0 403.0 141.0 437.0 185.0 0.0 0.0 0.0 0.0 0.0 0.0 -10.0 0.3502
80 10 Pedestrian 0 0 -10.0 664.0 148.0 696.0 225.0 0.0 0.0 0.0 0.0 0.0 0.0 -10.0 0.7735
81 8 Pedestrian 0 0 -10.0 550.0 128.0 586.0 234.0 0.0 0.0 0.0 0.0 0.0 0.0 -10.0 0.7456
81 85 Pedestrian 0 0 -10.0 608.0 141.0 643.0 230.0 0.0 0.0 0.0 0.0 0.0 0.0 -10.0 0.7756
81 104 Pedestrian 0 0 -10.0 707.0 142.0 763.0 280.0 0.0 0.0 0.0 0.0 0.0 0.0 -10.0 0.8407
81 77 Cyclist 0 0 -10.0 399.0 141.0 436.0 187.0 0.0 0.0 0.0 0.0 0.0 0.0 -10.0 0.301
81 10 Pedestrian 0 0 -10.0 666.0 147.0 699.0 226.0 0.0 0.0 0.0 0.0 0.0 0.0 -10.0 0.8034
82 8 Pedestrian 0 0 -10.0 551.0 128.0 587.0 234.0 0.0 0.0 0.0 0.0 0.0 0.0 -10.0 0.7383
82 85 Pedestrian 0 0 -10.0 610.0 141.0 647.0 231.0 0.0 0.0 0.0 0.0 0.0 0.0 -10.0 0.7661
82 104 Pedestrian 0 0 -10.0 713.0 143.0 769.0 283.0 0.0 0.0 0.0 0.0 0.0 0.0 -10.0 0.8161
82 77 Cyclist 0 0 -10.0 398.0 141.0 435.0 187.0 0.0 0.0 0.0 0.0 0.0 0.0 -10.0 0.2811
82 10 Pedestrian 0 0 -10.0 669.0 146.0 702.0 226.0 0.0 0.0 0.0 0.0 0.0 0.0 -10.0 0.7795
83 8 Pedestrian 0 0 -10.0 551.0 127.0 590.0 237.0 0.0 0.0 0.0 0.0 0.0 0.0 -10.0 0.7617
83 85 Pedestrian 0 0 -10.0 614.0 141.0 650.0 232.0 0.0 0.0 0.0 0.0 0.0 0.0 -10.0 0.7648
83 104 Pedestrian 0 0 -10.0 722.0 141.0 779.0 285.0 0.0 0.0 0.0 0.0 0.0 0.0 -10.0 0.8349
83 77 Cyclist 0 0 -10.0 395.0 141.0 434.0 187.0 0.0 0.0 0.0 0.0 0.0 0.0 -10.0 0.1406
83 10 Pedestrian 0 0 -10.0 672.0 146.0 707.0 228.0 0.0 0.0 0.0 0.0 0.0 0.0 -10.0 0.7597
84 8 Pedestrian 0 0 -10.0 552.0 128.0 593.0 237.0 0.0 0.0 0.0 0.0 0.0 0.0 -10.0 0.7836
84 85 Pedestrian 0 0 -10.0 616.0 140.0 653.0 234.0 0.0 0.0 0.0 0.0 0.0 0.0 -10.0 0.7332
84 104 Pedestrian 0 0 -10.0 733.0 142.0 788.0 287.0 0.0 0.0 0.0 0.0 0.0 0.0 -10.0 0.8165
84 10 Pedestrian 0 0 -10.0 674.0 147.0 710.0 229.0 0.0 0.0 0.0 0.0 0.0 0.0 -10.0 0.7462
85 8 Pedestrian 0 0 -10.0 556.0 128.0 596.0 238.0 0.0 0.0 0.0 0.0 0.0 0.0 -10.0 0.7835
85 85 Pedestrian 0 0 -10.0 619.0 141.0 656.0 236.0 0.0 0.0 0.0 0.0 0.0 0.0 -10.0 0.7619
85 104 Pedestrian 0 0 -10.0 739.0 142.0 797.0 289.0 0.0 0.0 0.0 0.0 0.0 0.0 -10.0 0.8487
85 10 Pedestrian 0 0 -10.0 676.0 148.0 713.0 229.0 0.0 0.0 0.0 0.0 0.0 0.0 -10.0 0.748
86 8 Pedestrian 0 0 -10.0 559.0 128.0 599.0 240.0 0.0 0.0 0.0 0.0 0.0 0.0 -10.0 0.7934
86 85 Pedestrian 0 0 -10.0 621.0 142.0 660.0 237.0 0.0 0.0 0.0 0.0 0.0 0.0 -10.0 0.8019
86 104 Pedestrian 0 0 -10.0 745.0 144.0 807.0 292.0 0.0 0.0 0.0 0.0 0.0 0.0 -10.0 0.8382
86 10 Pedestrian 0 0 -10.0 679.0 147.0 716.0 230.0 0.0 0.0 0.0 0.0 0.0 0.0 -10.0 0.7867
86 77 Cyclist 0 0 -10.0 390.0 140.0 432.0 191.0 0.0 0.0 0.0 0.0 0.0 0.0 -10.0 0.3445
87 8 Pedestrian 0 0 -10.0 562.0 127.0 601.0 241.0 0.0 0.0 0.0 0.0 0.0 0.0 -10.0 0.8364
87 85 Pedestrian 0 0 -10.0 624.0 141.0 663.0 238.0 0.0 0.0 0.0 0.0 0.0 0.0 -10.0 0.7754
87 104 Pedestrian 0 0 -10.0 753.0 144.0 815.0 296.0 0.0 0.0 0.0 0.0 0.0 0.0 -10.0 0.8698
87 10 Pedestrian 0 0 -10.0 682.0 146.0 719.0 230.0 0.0 0.0 0.0 0.0 0.0 0.0 -10.0 0.7917
87 77 Cyclist 0 0 -10.0 390.0 140.0 432.0 191.0 0.0 0.0 0.0 0.0 0.0 0.0 -10.0 0.1552
88 8 Pedestrian 0 0 -10.0 565.0 128.0 603.0 240.0 0.0 0.0 0.0 0.0 0.0 0.0 -10.0 0.7457
88 85 Pedestrian 0 0 -10.0 626.0 141.0 665.0 239.0 0.0 0.0 0.0 0.0 0.0 0.0 -10.0 0.7911
88 104 Pedestrian 0 0 -10.0 763.0 142.0 824.0 299.0 0.0 0.0 0.0 0.0 0.0 0.0 -10.0 0.8144
88 10 Pedestrian 0 0 -10.0 684.0 147.0 721.0 233.0 0.0 0.0 0.0 0.0 0.0 0.0 -10.0 0.8077
89 8 Pedestrian 0 0 -10.0 568.0 129.0 607.0 242.0 0.0 0.0 0.0 0.0 0.0 0.0 -10.0 0.7379
89 85 Pedestrian 0 0 -10.0 627.0 141.0 666.0 240.0 0.0 0.0 0.0 0.0 0.0 0.0 -10.0 0.7687
89 104 Pedestrian 0 0 -10.0 773.0 140.0 834.0 305.0 0.0 0.0 0.0 0.0 0.0 0.0 -10.0 0.8098
89 10 Pedestrian 0 0 -10.0 688.0 148.0 725.0 234.0 0.0 0.0 0.0 0.0 0.0 0.0 -10.0 0.775
90 8 Pedestrian 0 0 -10.0 569.0 128.0 610.0 244.0 0.0 0.0 0.0 0.0 0.0 0.0 -10.0 0.7698
90 85 Pedestrian 0 0 -10.0 628.0 142.0 667.0 242.0 0.0 0.0 0.0 0.0 0.0 0.0 -10.0 0.7554
90 104 Pedestrian 0 0 -10.0 780.0 142.0 845.0 309.0 0.0 0.0 0.0 0.0 0.0 0.0 -10.0 0.7956
90 10 Pedestrian 0 0 -10.0 692.0 149.0 730.0 236.0 0.0 0.0 0.0 0.0 0.0 0.0 -10.0 0.7697
91 8 Pedestrian 0 0 -10.0 572.0 128.0 614.0 246.0 0.0 0.0 0.0 0.0 0.0 0.0 -10.0 0.7747
91 85 Pedestrian 0 0 -10.0 628.0 141.0 668.0 244.0 0.0 0.0 0.0 0.0 0.0 0.0 -10.0 0.7413
91 104 Pedestrian 0 0 -10.0 786.0 143.0 858.0 316.0 0.0 0.0 0.0 0.0 0.0 0.0 -10.0 0.8282
91 10 Pedestrian 0 0 -10.0 695.0 148.0 732.0 236.0 0.0 0.0 0.0 0.0 0.0 0.0 -10.0 0.7723
92 8 Pedestrian 0 0 -10.0 575.0 128.0 616.0 247.0 0.0 0.0 0.0 0.0 0.0 0.0 -10.0 0.7925
92 85 Pedestrian 0 0 -10.0 627.0 139.0 669.0 245.0 0.0 0.0 0.0 0.0 0.0 0.0 -10.0 0.7443
92 104 Pedestrian 0 0 -10.0 796.0 144.0 869.0 318.0 0.0 0.0 0.0 0.0 0.0 0.0 -10.0 0.7824
92 10 Pedestrian 0 0 -10.0 699.0 147.0 737.0 239.0 0.0 0.0 0.0 0.0 0.0 0.0 -10.0 0.7751
93 8 Pedestrian 0 0 -10.0 577.0 127.0 619.0 249.0 0.0 0.0 0.0 0.0 0.0 0.0 -10.0 0.7717
93 85 Pedestrian 0 0 -10.0 630.0 139.0 672.0 247.0 0.0 0.0 0.0 0.0 0.0 0.0 -10.0 0.7902
93 104 Pedestrian 0 0 -10.0 812.0 142.0 881.0 324.0 0.0 0.0 0.0 0.0 0.0 0.0 -10.0 0.7938
93 10 Pedestrian 0 0 -10.0 705.0 149.0 742.0 239.0 0.0 0.0 0.0 0.0 0.0 0.0 -10.0 0.7302
94 8 Pedestrian 0 0 -10.0 578.0 127.0 621.0 250.0 0.0 0.0 0.0 0.0 0.0 0.0 -10.0 0.7645
94 85 Pedestrian 0 0 -10.0 632.0 140.0 674.0 248.0 0.0 0.0 0.0 0.0 0.0 0.0 -10.0 0.7695
94 104 Pedestrian 0 0 -10.0 825.0 143.0 896.0 328.0 0.0 0.0 0.0 0.0 0.0 0.0 -10.0 0.8111
94 10 Pedestrian 0 0 -10.0 709.0 148.0 748.0 240.0 0.0 0.0 0.0 0.0 0.0 0.0 -10.0 0.7847
95 8 Pedestrian 0 0 -10.0 580.0 128.0 626.0 252.0 0.0 0.0 0.0 0.0 0.0 0.0 -10.0 0.8009
95 85 Pedestrian 0 0 -10.0 634.0 140.0 676.0 250.0 0.0 0.0 0.0 0.0 0.0 0.0 -10.0 0.7876
95 104 Pedestrian 0 0 -10.0 834.0 142.0 914.0 331.0 0.0 0.0 0.0 0.0 0.0 0.0 -10.0 0.8182
95 10 Pedestrian 0 0 -10.0 713.0 148.0 753.0 242.0 0.0 0.0 0.0 0.0 0.0 0.0 -10.0 0.7797
96 8 Pedestrian 0 0 -10.0 582.0 129.0 628.0 255.0 0.0 0.0 0.0 0.0 0.0 0.0 -10.0 0.7906
96 85 Pedestrian 0 0 -10.0 636.0 141.0 679.0 252.0 0.0 0.0 0.0 0.0 0.0 0.0 -10.0 0.7679
96 104 Pedestrian 0 0 -10.0 843.0 143.0 931.0 337.0 0.0 0.0 0.0 0.0 0.0 0.0 -10.0 0.8328
96 10 Pedestrian 0 0 -10.0 715.0 147.0 755.0 243.0 0.0 0.0 0.0 0.0 0.0 0.0 -10.0 0.7478
97 8 Pedestrian 0 0 -10.0 586.0 128.0 632.0 258.0 0.0 0.0 0.0 0.0 0.0 0.0 -10.0 0.8078
97 85 Pedestrian 0 0 -10.0 638.0 141.0 683.0 254.0 0.0 0.0 0.0 0.0 0.0 0.0 -10.0 0.7667
97 104 Pedestrian 0 0 -10.0 857.0 142.0 947.0 345.0 0.0 0.0 0.0 0.0 0.0 0.0 -10.0 0.7955
97 10 Pedestrian 0 0 -10.0 720.0 149.0 760.0 244.0 0.0 0.0 0.0 0.0 0.0 0.0 -10.0 0.7657
98 8 Pedestrian 0 0 -10.0 591.0 126.0 635.0 258.0 0.0 0.0 0.0 0.0 0.0 0.0 -10.0 0.7576
98 85 Pedestrian 0 0 -10.0 641.0 141.0 686.0 255.0 0.0 0.0 0.0 0.0 0.0 0.0 -10.0 0.7704
98 104 Pedestrian 0 0 -10.0 878.0 139.0 959.0 346.0 0.0 0.0 0.0 0.0 0.0 0.0 -10.0 0.7679
98 10 Pedestrian 0 0 -10.0 725.0 149.0 767.0 245.0 0.0 0.0 0.0 0.0 0.0 0.0 -10.0 0.8133
99 8 Pedestrian 0 0 -10.0 595.0 126.0 640.0 260.0 0.0 0.0 0.0 0.0 0.0 0.0 -10.0 0.7448
99 85 Pedestrian 0 0 -10.0 643.0 141.0 688.0 258.0 0.0 0.0 0.0 0.0 0.0 0.0 -10.0 0.7979
99 104 Pedestrian 0 0 -10.0 891.0 137.0 977.0 354.0 0.0 0.0 0.0 0.0 0.0 0.0 -10.0 0.8143
99 10 Pedestrian 0 0 -10.0 729.0 149.0 772.0 247.0 0.0 0.0 0.0 0.0 0.0 0.0 -10.0 0.7787
100 8 Pedestrian 0 0 -10.0 599.0 129.0 644.0 260.0 0.0 0.0 0.0 0.0 0.0 0.0 -10.0 0.7865
100 85 Pedestrian 0 0 -10.0 646.0 143.0 692.0 261.0 0.0 0.0 0.0 0.0 0.0 0.0 -10.0 0.7852
100 104 Pedestrian 0 0 -10.0 901.0 138.0 1000.0 358.0 0.0 0.0 0.0 0.0 0.0 0.0 -10.0 0.8026
100 10 Pedestrian 0 0 -10.0 733.0 148.0 776.0 247.0 0.0 0.0 0.0 0.0 0.0 0.0 -10.0 0.7407
101 8 Pedestrian 0 0 -10.0 602.0 129.0 647.0 264.0 0.0 0.0 0.0 0.0 0.0 0.0 -10.0 0.7891
101 85 Pedestrian 0 0 -10.0 648.0 142.0 694.0 264.0 0.0 0.0 0.0 0.0 0.0 0.0 -10.0 0.8189
101 104 Pedestrian 0 0 -10.0 912.0 137.0 1019.0 363.0 0.0 0.0 0.0 0.0 0.0 0.0 -10.0 0.7788
101 10 Pedestrian 0 0 -10.0 738.0 148.0 781.0 248.0 0.0 0.0 0.0 0.0 0.0 0.0 -10.0 0.8151
102 8 Pedestrian 0 0 -10.0 605.0 128.0 652.0 266.0 0.0 0.0 0.0 0.0 0.0 0.0 -10.0 0.7904
102 85 Pedestrian 0 0 -10.0 651.0 142.0 699.0 264.0 0.0 0.0 0.0 0.0 0.0 0.0 -10.0 0.7785
102 104 Pedestrian 0 0 -10.0 933.0 136.0 1036.0 368.0 0.0 0.0 0.0 0.0 0.0 0.0 -10.0 0.7597
102 10 Pedestrian 0 0 -10.0 741.0 148.0 786.0 250.0 0.0 0.0 0.0 0.0 0.0 0.0 -10.0 0.7895
103 8 Pedestrian 0 0 -10.0 607.0 128.0 655.0 269.0 0.0 0.0 0.0 0.0 0.0 0.0 -10.0 0.782
103 85 Pedestrian 0 0 -10.0 656.0 142.0 704.0 267.0 0.0 0.0 0.0 0.0 0.0 0.0 -10.0 0.7928
103 104 Pedestrian 0 0 -10.0 957.0 135.0 1057.0 367.0 0.0 0.0 0.0 0.0 0.0 0.0 -10.0 0.748
103 10 Pedestrian 0 0 -10.0 746.0 149.0 793.0 251.0 0.0 0.0 0.0 0.0 0.0 0.0 -10.0 0.7575
104 8 Pedestrian 0 0 -10.0 609.0 129.0 658.0 273.0 0.0 0.0 0.0 0.0 0.0 0.0 -10.0 0.7756
104 85 Pedestrian 0 0 -10.0 660.0 142.0 709.0 269.0 0.0 0.0 0.0 0.0 0.0 0.0 -10.0 0.8131
104 104 Pedestrian 0 0 -10.0 978.0 135.0 1080.0 369.0 0.0 0.0 0.0 0.0 0.0 0.0 -10.0 0.8062
104 10 Pedestrian 0 0 -10.0 752.0 148.0 797.0 252.0 0.0 0.0 0.0 0.0 0.0 0.0 -10.0 0.774
105 8 Pedestrian 0 0 -10.0 612.0 130.0 661.0 276.0 0.0 0.0 0.0 0.0 0.0 0.0 -10.0 0.8034
105 85 Pedestrian 0 0 -10.0 664.0 143.0 715.0 272.0 0.0 0.0 0.0 0.0 0.0 0.0 -10.0 0.8054
105 104 Pedestrian 0 0 -10.0 996.0 135.0 1111.0 368.0 0.0 0.0 0.0 0.0 0.0 0.0 -10.0 0.7873
105 10 Pedestrian 0 0 -10.0 757.0 147.0 803.0 254.0 0.0 0.0 0.0 0.0 0.0 0.0 -10.0 0.7866
106 8 Pedestrian 0 0 -10.0 613.0 130.0 663.0 278.0 0.0 0.0 0.0 0.0 0.0 0.0 -10.0 0.8183
106 85 Pedestrian 0 0 -10.0 668.0 145.0 720.0 273.0 0.0 0.0 0.0 0.0 0.0 0.0 -10.0 0.8016
106 104 Pedestrian 0 0 -10.0 1016.0 136.0 1134.0 369.0 0.0 0.0 0.0 0.0 0.0 0.0 -10.0 0.7646
106 10 Pedestrian 0 0 -10.0 762.0 148.0 808.0 256.0 0.0 0.0 0.0 0.0 0.0 0.0 -10.0 0.7701
107 8 Pedestrian 0 0 -10.0 614.0 130.0 665.0 281.0 0.0 0.0 0.0 0.0 0.0 0.0 -10.0 0.8289
107 85 Pedestrian 0 0 -10.0 672.0 145.0 723.0 275.0 0.0 0.0 0.0 0.0 0.0 0.0 -10.0 0.7804
107 104 Pedestrian 0 0 -10.0 1041.0 136.0 1157.0 368.0 0.0 0.0 0.0 0.0 0.0 0.0 -10.0 0.7685
107 10 Pedestrian 0 0 -10.0 769.0 149.0 816.0 259.0 0.0 0.0 0.0 0.0 0.0 0.0 -10.0 0.8337
108 8 Pedestrian 0 0 -10.0 612.0 128.0 668.0 284.0 0.0 0.0 0.0 0.0 0.0 0.0 -10.0 0.8479
108 85 Pedestrian 0 0 -10.0 676.0 143.0 729.0 280.0 0.0 0.0 0.0 0.0 0.0 0.0 -10.0 0.8239
108 104 Pedestrian 0 0 -10.0 1070.0 135.0 1177.0 368.0 0.0 0.0 0.0 0.0 0.0 0.0 -10.0 0.7281
108 10 Pedestrian 0 0 -10.0 774.0 150.0 823.0 262.0 0.0 0.0 0.0 0.0 0.0 0.0 -10.0 0.7822
109 8 Pedestrian 0 0 -10.0 616.0 128.0 671.0 286.0 0.0 0.0 0.0 0.0 0.0 0.0 -10.0 0.7936
109 85 Pedestrian 0 0 -10.0 679.0 145.0 732.0 283.0 0.0 0.0 0.0 0.0 0.0 0.0 -10.0 0.8319
109 104 Pedestrian 0 0 -10.0 1080.0 134.0 1214.0 367.0 0.0 0.0 0.0 0.0 0.0 0.0 -10.0 0.6573
109 10 Pedestrian 0 0 -10.0 779.0 152.0 828.0 265.0 0.0 0.0 0.0 0.0 0.0 0.0 -10.0 0.8097
110 8 Pedestrian 0 0 -10.0 620.0 129.0 674.0 288.0 0.0 0.0 0.0 0.0 0.0 0.0 -10.0 0.786
110 85 Pedestrian 0 0 -10.0 681.0 146.0 736.0 288.0 0.0 0.0 0.0 0.0 0.0 0.0 -10.0 0.7932
110 104 Pedestrian 0 0 -10.0 1107.0 134.0 1224.0 370.0 0.0 0.0 0.0 0.0 0.0 0.0 -10.0 0.7124
110 10 Pedestrian 0 0 -10.0 783.0 151.0 833.0 266.0 0.0 0.0 0.0 0.0 0.0 0.0 -10.0 0.8144
111 8 Pedestrian 0 0 -10.0 623.0 131.0 678.0 291.0 0.0 0.0 0.0 0.0 0.0 0.0 -10.0 0.8323
111 85 Pedestrian 0 0 -10.0 687.0 147.0 741.0 288.0 0.0 0.0 0.0 0.0 0.0 0.0 -10.0 0.7961
111 104 Pedestrian 0 0 -10.0 1130.0 144.0 1223.0 368.0 0.0 0.0 0.0 0.0 0.0 0.0 -10.0 0.6087
111 10 Pedestrian 0 0 -10.0 789.0 149.0 840.0 266.0 0.0 0.0 0.0 0.0 0.0 0.0 -10.0 0.7897
112 8 Pedestrian 0 0 -10.0 627.0 131.0 682.0 294.0 0.0 0.0 0.0 0.0 0.0 0.0 -10.0 0.7901
112 85 Pedestrian 0 0 -10.0 692.0 146.0 746.0 290.0 0.0 0.0 0.0 0.0 0.0 0.0 -10.0 0.8187
112 10 Pedestrian 0 0 -10.0 794.0 148.0 848.0 267.0 0.0 0.0 0.0 0.0 0.0 0.0 -10.0 0.8204
113 8 Pedestrian 0 0 -10.0 630.0 130.0 688.0 298.0 0.0 0.0 0.0 0.0 0.0 0.0 -10.0 0.8057
113 85 Pedestrian 0 0 -10.0 696.0 146.0 755.0 293.0 0.0 0.0 0.0 0.0 0.0 0.0 -10.0 0.8099
113 10 Pedestrian 0 0 -10.0 799.0 149.0 855.0 269.0 0.0 0.0 0.0 0.0 0.0 0.0 -10.0 0.8181
114 8 Pedestrian 0 0 -10.0 631.0 129.0 691.0 300.0 0.0 0.0 0.0 0.0 0.0 0.0 -10.0 0.7981
114 85 Pedestrian 0 0 -10.0 700.0 146.0 763.0 298.0 0.0 0.0 0.0 0.0 0.0 0.0 -10.0 0.8108
114 10 Pedestrian 0 0 -10.0 805.0 147.0 862.0 271.0 0.0 0.0 0.0 0.0 0.0 0.0 -10.0 0.8013
115 8 Pedestrian 0 0 -10.0 632.0 129.0 695.0 304.0 0.0 0.0 0.0 0.0 0.0 0.0 -10.0 0.7895
115 85 Pedestrian 0 0 -10.0 705.0 148.0 766.0 299.0 0.0 0.0 0.0 0.0 0.0 0.0 -10.0 0.7981
115 10 Pedestrian 0 0 -10.0 813.0 147.0 869.0 273.0 0.0 0.0 0.0 0.0 0.0 0.0 -10.0 0.774
116 8 Pedestrian 0 0 -10.0 634.0 131.0 700.0 310.0 0.0 0.0 0.0 0.0 0.0 0.0 -10.0 0.7901
116 85 Pedestrian 0 0 -10.0 710.0 147.0 772.0 301.0 0.0 0.0 0.0 0.0 0.0 0.0 -10.0 0.8132
116 10 Pedestrian 0 0 -10.0 820.0 150.0 877.0 275.0 0.0 0.0 0.0 0.0 0.0 0.0 -10.0 0.7857
117 8 Pedestrian 0 0 -10.0 637.0 133.0 705.0 313.0 0.0 0.0 0.0 0.0 0.0 0.0 -10.0 0.7926
117 85 Pedestrian 0 0 -10.0 715.0 147.0 777.0 305.0 0.0 0.0 0.0 0.0 0.0 0.0 -10.0 0.7953
117 10 Pedestrian 0 0 -10.0 829.0 152.0 889.0 278.0 0.0 0.0 0.0 0.0 0.0 0.0 -10.0 0.7946
118 8 Pedestrian 0 0 -10.0 644.0 131.0 710.0 320.0 0.0 0.0 0.0 0.0 0.0 0.0 -10.0 0.7997
118 85 Pedestrian 0 0 -10.0 719.0 148.0 783.0 311.0 0.0 0.0 0.0 0.0 0.0 0.0 -10.0 0.817
118 10 Pedestrian 0 0 -10.0 838.0 153.0 900.0 281.0 0.0 0.0 0.0 0.0 0.0 0.0 -10.0 0.7956
119 8 Pedestrian 0 0 -10.0 653.0 129.0 717.0 326.0 0.0 0.0 0.0 0.0 0.0 0.0 -10.0 0.753
119 85 Pedestrian 0 0 -10.0 721.0 150.0 788.0 318.0 0.0 0.0 0.0 0.0 0.0 0.0 -10.0 0.8324
119 10 Pedestrian 0 0 -10.0 844.0 152.0 907.0 283.0 0.0 0.0 0.0 0.0 0.0 0.0 -10.0 0.7836
120 8 Pedestrian 0 0 -10.0 657.0 130.0 723.0 326.0 0.0 0.0 0.0 0.0 0.0 0.0 -10.0 0.8196
120 85 Pedestrian 0 0 -10.0 726.0 152.0 793.0 326.0 0.0 0.0 0.0 0.0 0.0 0.0 -10.0 0.7989
120 10 Pedestrian 0 0 -10.0 853.0 150.0 916.0 285.0 0.0 0.0 0.0 0.0 0.0 0.0 -10.0 0.8056
121 8 Pedestrian 0 0 -10.0 662.0 131.0 733.0 328.0 0.0 0.0 0.0 0.0 0.0 0.0 -10.0 0.7674
121 85 Pedestrian 0 0 -10.0 731.0 150.0 799.0 328.0 0.0 0.0 0.0 0.0 0.0 0.0 -10.0 0.7999
121 10 Pedestrian 0 0 -10.0 863.0 149.0 926.0 286.0 0.0 0.0 0.0 0.0 0.0 0.0 -10.0 0.806
122 8 Pedestrian 0 0 -10.0 668.0 132.0 740.0 333.0 0.0 0.0 0.0 0.0 0.0 0.0 -10.0 0.8388
122 85 Pedestrian 0 0 -10.0 736.0 151.0 806.0 333.0 0.0 0.0 0.0 0.0 0.0 0.0 -10.0 0.8361
122 10 Pedestrian 0 0 -10.0 873.0 149.0 940.0 288.0 0.0 0.0 0.0 0.0 0.0 0.0 -10.0 0.824
123 8 Pedestrian 0 0 -10.0 674.0 131.0 748.0 335.0 0.0 0.0 0.0 0.0 0.0 0.0 -10.0 0.8145
123 85 Pedestrian 0 0 -10.0 743.0 151.0 815.0 340.0 0.0 0.0 0.0 0.0 0.0 0.0 -10.0 0.7841
123 10 Pedestrian 0 0 -10.0 882.0 150.0 952.0 293.0 0.0 0.0 0.0 0.0 0.0 0.0 -10.0 0.806
124 8 Pedestrian 0 0 -10.0 681.0 123.0 755.0 342.0 0.0 0.0 0.0 0.0 0.0 0.0 -10.0 0.7848
124 85 Pedestrian 0 0 -10.0 750.0 151.0 827.0 344.0 0.0 0.0 0.0 0.0 0.0 0.0 -10.0 0.7968
124 10 Pedestrian 0 0 -10.0 893.0 148.0 961.0 296.0 0.0 0.0 0.0 0.0 0.0 0.0 -10.0 0.7802
125 8 Pedestrian 0 0 -10.0 684.0 121.0 762.0 346.0 0.0 0.0 0.0 0.0 0.0 0.0 -10.0 0.7923
125 85 Pedestrian 0 0 -10.0 757.0 154.0 839.0 347.0 0.0 0.0 0.0 0.0 0.0 0.0 -10.0 0.8525
125 10 Pedestrian 0 0 -10.0 905.0 148.0 974.0 298.0 0.0 0.0 0.0 0.0 0.0 0.0 -10.0 0.7948
126 8 Pedestrian 0 0 -10.0 686.0 123.0 769.0 350.0 0.0 0.0 0.0 0.0 0.0 0.0 -10.0 0.7867
126 85 Pedestrian 0 0 -10.0 765.0 152.0 848.0 350.0 0.0 0.0 0.0 0.0 0.0 0.0 -10.0 0.7927
126 10 Pedestrian 0 0 -10.0 917.0 149.0 992.0 303.0 0.0 0.0 0.0 0.0 0.0 0.0 -10.0 0.8039
127 8 Pedestrian 0 0 -10.0 690.0 123.0 780.0 355.0 0.0 0.0 0.0 0.0 0.0 0.0 -10.0 0.7998
127 85 Pedestrian 0 0 -10.0 774.0 152.0 854.0 352.0 0.0 0.0 0.0 0.0 0.0 0.0 -10.0 0.7722
127 10 Pedestrian 0 0 -10.0 929.0 150.0 1008.0 310.0 0.0 0.0 0.0 0.0 0.0 0.0 -10.0 0.8167
128 8 Pedestrian 0 0 -10.0 694.0 123.0 785.0 359.0 0.0 0.0 0.0 0.0 0.0 0.0 -10.0 0.8205
128 85 Pedestrian 0 0 -10.0 779.0 152.0 862.0 358.0 0.0 0.0 0.0 0.0 0.0 0.0 -10.0 0.8121
128 10 Pedestrian 0 0 -10.0 943.0 152.0 1021.0 313.0 0.0 0.0 0.0 0.0 0.0 0.0 -10.0 0.8093
129 8 Pedestrian 0 0 -10.0 706.0 120.0 794.0 362.0 0.0 0.0 0.0 0.0 0.0 0.0 -10.0 0.7342
129 85 Pedestrian 0 0 -10.0 787.0 151.0 873.0 363.0 0.0 0.0 0.0 0.0 0.0 0.0 -10.0 0.7827
129 10 Pedestrian 0 0 -10.0 953.0 151.0 1027.0 313.0 0.0 0.0 0.0 0.0 0.0 0.0 -10.0 0.7938
130 8 Pedestrian 0 0 -10.0 718.0 119.0 803.0 363.0 0.0 0.0 0.0 0.0 0.0 0.0 -10.0 0.7444
130 85 Pedestrian 0 0 -10.0 797.0 148.0 884.0 366.0 0.0 0.0 0.0 0.0 0.0 0.0 -10.0 0.7553
130 10 Pedestrian 0 0 -10.0 963.0 151.0 1041.0 315.0 0.0 0.0 0.0 0.0 0.0 0.0 -10.0 0.7752
131 8 Pedestrian 0 0 -10.0 725.0 122.0 812.0 361.0 0.0 0.0 0.0 0.0 0.0 0.0 -10.0 0.8062
131 85 Pedestrian 0 0 -10.0 807.0 146.0 897.0 368.0 0.0 0.0 0.0 0.0 0.0 0.0 -10.0 0.7507
131 10 Pedestrian 0 0 -10.0 975.0 151.0 1061.0 319.0 0.0 0.0 0.0 0.0 0.0 0.0 -10.0 0.7724
132 8 Pedestrian 0 0 -10.0 734.0 121.0 824.0 362.0 0.0 0.0 0.0 0.0 0.0 0.0 -10.0 0.7855
132 85 Pedestrian 0 0 -10.0 817.0 146.0 913.0 368.0 0.0 0.0 0.0 0.0 0.0 0.0 -10.0 0.7523
132 10 Pedestrian 0 0 -10.0 986.0 151.0 1075.0 321.0 0.0 0.0 0.0 0.0 0.0 0.0 -10.0 0.7753
133 8 Pedestrian 0 0 -10.0 742.0 119.0 836.0 363.0 0.0 0.0 0.0 0.0 0.0 0.0 -10.0 0.8003
133 85 Pedestrian 0 0 -10.0 826.0 146.0 931.0 368.0 0.0 0.0 0.0 0.0 0.0 0.0 -10.0 0.7994
133 10 Pedestrian 0 0 -10.0 999.0 151.0 1089.0 328.0 0.0 0.0 0.0 0.0 0.0 0.0 -10.0 0.759
134 8 Pedestrian 0 0 -10.0 753.0 112.0 848.0 363.0 0.0 0.0 0.0 0.0 0.0 0.0 -10.0 0.788
134 85 Pedestrian 0 0 -10.0 840.0 146.0 950.0 369.0 0.0 0.0 0.0 0.0 0.0 0.0 -10.0 0.7744
134 10 Pedestrian 0 0 -10.0 1011.0 151.0 1101.0 333.0 0.0 0.0 0.0 0.0 0.0 0.0 -10.0 0.7418
135 8 Pedestrian 0 0 -10.0 763.0 106.0 864.0 361.0 0.0 0.0 0.0 0.0 0.0 0.0 -10.0 0.7212
135 85 Pedestrian 0 0 -10.0 859.0 142.0 969.0 368.0 0.0 0.0 0.0 0.0 0.0 0.0 -10.0 0.6779
135 10 Pedestrian 0 0 -10.0 1028.0 151.0 1124.0 339.0 0.0 0.0 0.0 0.0 0.0 0.0 -10.0 0.7709
136 8 Pedestrian 0 0 -10.0 765.0 110.0 874.0 363.0 0.0 0.0 0.0 0.0 0.0 0.0 -10.0 0.7912
136 85 Pedestrian 0 0 -10.0 877.0 140.0 983.0 369.0 0.0 0.0 0.0 0.0 0.0 0.0 -10.0 0.7648
136 10 Pedestrian 0 0 -10.0 1048.0 154.0 1147.0 343.0 0.0 0.0 0.0 0.0 0.0 0.0 -10.0 0.7717
137 8 Pedestrian 0 0 -10.0 771.0 112.0 887.0 364.0 0.0 0.0 0.0 0.0 0.0 0.0 -10.0 0.779
137 85 Pedestrian 0 0 -10.0 890.0 143.0 1002.0 369.0 0.0 0.0 0.0 0.0 0.0 0.0 -10.0 0.7677
137 10 Pedestrian 0 0 -10.0 1063.0 151.0 1164.0 347.0 0.0 0.0 0.0 0.0 0.0 0.0 -10.0 0.7294
138 8 Pedestrian 0 0 -10.0 783.0 115.0 906.0 365.0 0.0 0.0 0.0 0.0 0.0 0.0 -10.0 0.7155
138 85 Pedestrian 0 0 -10.0 903.0 144.0 1025.0 370.0 0.0 0.0 0.0 0.0 0.0 0.0 -10.0 0.6571
138 10 Pedestrian 0 0 -10.0 1077.0 151.0 1177.0 349.0 0.0 0.0 0.0 0.0 0.0 0.0 -10.0 0.7292
139 8 Pedestrian 0 0 -10.0 799.0 119.0 916.0 365.0 0.0 0.0 0.0 0.0 0.0 0.0 -10.0 0.7523
139 85 Pedestrian 0 0 -10.0 914.0 149.0 1058.0 367.0 0.0 0.0 0.0 0.0 0.0 0.0 -10.0 0.7422
139 10 Pedestrian 0 0 -10.0 1097.0 151.0 1202.0 350.0 0.0 0.0 0.0 0.0 0.0 0.0 -10.0 0.7319
140 8 Pedestrian 0 0 -10.0 805.0 107.0 961.0 364.0 0.0 0.0 0.0 0.0 0.0 0.0 -10.0 0.6787
140 85 Pedestrian 0 0 -10.0 930.0 149.0 1089.0 365.0 0.0 0.0 0.0 0.0 0.0 0.0 -10.0 0.814
140 10 Pedestrian 0 0 -10.0 1114.0 150.0 1220.0 353.0 0.0 0.0 0.0 0.0 0.0 0.0 -10.0 0.7728
141 8 Pedestrian 0 0 -10.0 815.0 104.0 986.0 366.0 0.0 0.0 0.0 0.0 0.0 0.0 -10.0 0.7331
141 85 Pedestrian 0 0 -10.0 948.0 147.0 1120.0 364.0 0.0 0.0 0.0 0.0 0.0 0.0 -10.0 0.8337
141 10 Pedestrian 0 0 -10.0 1129.0 148.0 1224.0 352.0 0.0 0.0 0.0 0.0 0.0 0.0 -10.0 0.6965
142 8 Pedestrian 0 0 -10.0 821.0 101.0 1013.0 364.0 0.0 0.0 0.0 0.0 0.0 0.0 -10.0 0.7579
142 85 Pedestrian 0 0 -10.0 964.0 148.0 1149.0 364.0 0.0 0.0 0.0 0.0 0.0 0.0 -10.0 0.8032
142 10 Pedestrian 0 0 -10.0 1146.0 150.0 1223.0 356.0 0.0 0.0 0.0 0.0 0.0 0.0 -10.0 0.502
143 8 Pedestrian 0 0 -10.0 835.0 103.0 1037.0 364.0 0.0 0.0 0.0 0.0 0.0 0.0 -10.0 0.8325
143 85 Pedestrian 0 0 -10.0 993.0 152.0 1179.0 365.0 0.0 0.0 0.0 0.0 0.0 0.0 -10.0 0.7915
143 10 Pedestrian 0 0 -10.0 1168.0 148.0 1224.0 353.0 0.0 0.0 0.0 0.0 0.0 0.0 -10.0 0.1737
144 8 Pedestrian 0 0 -10.0 853.0 100.0 1064.0 365.0 0.0 0.0 0.0 0.0 0.0 0.0 -10.0 0.8385
144 85 Pedestrian 0 0 -10.0 1019.0 152.0 1211.0 365.0 0.0 0.0 0.0 0.0 0.0 0.0 -10.0 0.8768
