000000 1 Cyclist 0 0 -10.0 384.00 141.00 488.00 351.00 0.0 0.0 0.0 0.0 0.0 0.0 -10.0 0.800
000000 2 Cyclist 0 0 -10.0 460.00 136.00 544.00 330.00 0.0 0.0 0.0 0.0 0.0 0.0 -10.0 0.797
000000 3 Cyclist 0 0 -10.0 561.00 143.00 577.00 187.00 0.0 0.0 0.0 0.0 0.0 0.0 -10.0 0.487
000000 4 Cyclist 0 0 -10.0 537.00 142.00 551.00 187.00 0.0 0.0 0.0 0.0 0.0 0.0 -10.0 0.309
000001 1 Cyclist 0 0 -10.0 394.00 144.00 496.00 351.00 0.0 0.0 0.0 0.0 0.0 0.0 -10.0 0.805
000001 2 Cyclist 0 0 -10.0 473.00 137.00 556.00 329.00 0.0 0.0 0.0 0.0 0.0 0.0 -10.0 0.792
000001 3 Cyclist 0 0 -10.0 561.00 143.00 576.00 186.00 0.0 0.0 0.0 0.0 0.0 0.0 -10.0 0.403
000001 4 Cyclist 0 0 -10.0 539.00 141.00 553.00 186.00 0.0 0.0 0.0 0.0 0.0 0.0 -10.0 0.223
000002 1 Cyclist 0 0 -10.0 404.00 143.00 508.00 355.00 0.0 0.0 0.0 0.0 0.0 0.0 -10.0 0.834
000002 2 Cyclist 0 0 -10.0 485.00 140.00 566.00 330.00 0.0 0.0 0.0 0.0 0.0 0.0 -10.0 0.809
000002 3 Cyclist 0 0 -10.0 562.00 144.00 577.00 186.00 0.0 0.0 0.0 0.0 0.0 0.0 -10.0 0.458
000002 4 Cyclist 0 0 -10.0 535.00 141.00 552.00 193.00 0.0 0.0 0.0 0.0 0.0 0.0 -10.0 0.125
000003 1 Cyclist 0 0 -10.0 420.00 141.00 527.00 359.00 0.0 0.0 0.0 0.0 0.0 0.0 -10.0 0.815
000003 2 Cyclist 0 0 -10.0 496.00 139.00 580.00 335.00 0.0 0.0 0.0 0.0 0.0 0.0 -10.0 0.817
000003 3 Cyclist 0 0 -10.0 564.00 142.00 578.00 184.00 0.0 0.0 0.0 0.0 0.0 0.0 -10.0 0.357
000003 4 Cyclist 0 0 -10.0 536.00 139.00 553.00 192.00 0.0 0.0 0.0 0.0 0.0 0.0 -10.0 0.181
000004 1 Cyclist 0 0 -10.0 434.00 140.00 540.00 359.00 0.0 0.0 0.0 0.0 0.0 0.0 -10.0 0.806
000004 2 Cyclist 0 0 -10.0 508.00 137.00 594.00 337.00 0.0 0.0 0.0 0.0 0.0 0.0 -10.0 0.820
000004 3 Cyclist 0 0 -10.0 563.00 143.00 579.00 188.00 0.0 0.0 0.0 0.0 0.0 0.0 -10.0 0.121
000005 1 Cyclist 0 0 -10.0 447.00 138.00 553.00 359.00 0.0 0.0 0.0 0.0 0.0 0.0 -10.0 0.791
000005 2 Cyclist 0 0 -10.0 516.00 137.00 604.00 344.00 0.0 0.0 0.0 0.0 0.0 0.0 -10.0 0.813
000005 3 Cyclist 0 0 -10.0 563.00 143.00 578.00 189.00 0.0 0.0 0.0 0.0 0.0 0.0 -10.0 0.115
000005 4 Cyclist 0 0 -10.0 533.00 141.00 550.00 192.00 0.0 0.0 0.0 0.0 0.0 0.0 -10.0 0.349
000006 1 Cyclist 0 0 -10.0 459.00 142.00 563.00 359.00 0.0 0.0 0.0 0.0 0.0 0.0 -10.0 0.788
000006 2 Cyclist 0 0 -10.0 528.00 141.00 615.00 346.00 0.0 0.0 0.0 0.0 0.0 0.0 -10.0 0.821
000006 3 Cyclist 0 0 -10.0 563.00 143.00 580.00 192.00 0.0 0.0 0.0 0.0 0.0 0.0 -10.0 0.212
000006 4 Cyclist 0 0 -10.0 534.00 140.00 549.00 189.00 0.0 0.0 0.0 0.0 0.0 0.0 -10.0 0.376
000007 1 Cyclist 0 0 -10.0 471.00 141.00 576.00 361.00 0.0 0.0 0.0 0.0 0.0 0.0 -10.0 0.850
000007 2 Cyclist 0 0 -10.0 540.00 138.00 628.00 347.00 0.0 0.0 0.0 0.0 0.0 0.0 -10.0 0.776
000007 3 Cyclist 0 0 -10.0 563.00 142.00 581.00 195.00 0.0 0.0 0.0 0.0 0.0 0.0 -10.0 0.225
000007 4 Cyclist 0 0 -10.0 535.00 141.00 551.00 191.00 0.0 0.0 0.0 0.0 0.0 0.0 -10.0 0.189
000008 1 Cyclist 0 0 -10.0 490.00 143.00 593.00 364.00 0.0 0.0 0.0 0.0 0.0 0.0 -10.0 0.803
000008 2 Cyclist 0 0 -10.0 554.00 138.00 641.00 350.00 0.0 0.0 0.0 0.0 0.0 0.0 -10.0 0.767
000008 3 Cyclist 0 0 -10.0 562.00 141.00 579.00 191.00 0.0 0.0 0.0 0.0 0.0 0.0 -10.0 0.336
000008 4 Cyclist 0 0 -10.0 533.00 142.00 549.00 194.00 0.0 0.0 0.0 0.0 0.0 0.0 -10.0 0.199
000008 17 Cyclist 0 0 -10.0 486.00 138.00 504.00 197.00 0.0 0.0 0.0 0.0 0.0 0.0 -10.0 0.614
000009 1 Cyclist 0 0 -10.0 505.00 144.00 607.00 363.00 0.0 0.0 0.0 0.0 0.0 0.0 -10.0 0.805
000009 2 Cyclist 0 0 -10.0 563.00 137.00 653.00 353.00 0.0 0.0 0.0 0.0 0.0 0.0 -10.0 0.755
000009 4 Cyclist 0 0 -10.0 535.00 144.00 551.00 194.00 0.0 0.0 0.0 0.0 0.0 0.0 -10.0 0.209
000009 17 Cyclist 0 0 -10.0 488.00 140.00 506.00 199.00 0.0 0.0 0.0 0.0 0.0 0.0 -10.0 0.616
000009 18 Cyclist 0 0 -10.0 236.00 138.00 287.00 308.00 0.0 0.0 0.0 0.0 0.0 0.0 -10.0 0.727
000010 1 Cyclist 0 0 -10.0 520.00 142.00 624.00 364.00 0.0 0.0 0.0 0.0 0.0 0.0 -10.0 0.806
000010 2 Cyclist 0 0 -10.0 572.00 135.00 664.00 357.00 0.0 0.0 0.0 0.0 0.0 0.0 -10.0 0.760
000010 4 Cyclist 0 0 -10.0 535.00 143.00 551.00 194.00 0.0 0.0 0.0 0.0 0.0 0.0 -10.0 0.355
000010 17 Cyclist 0 0 -10.0 490.00 141.00 508.00 200.00 0.0 0.0 0.0 0.0 0.0 0.0 -10.0 0.561
000010 18 Cyclist 0 0 -10.0 245.00 139.00 295.00 304.00 0.0 0.0 0.0 0.0 0.0 0.0 -10.0 0.834
000011 1 Cyclist 0 0 -10.0 534.00 139.00 640.00 366.00 0.0 0.0 0.0 0.0 0.0 0.0 -10.0 0.809
000011 2 Cyclist 0 0 -10.0 585.00 137.00 677.00 358.00 0.0 0.0 0.0 0.0 0.0 0.0 -10.0 0.794
000011 4 Cyclist 0 0 -10.0 538.00 142.00 553.00 192.00 0.0 0.0 0.0 0.0 0.0 0.0 -10.0 0.501
000011 17 Cyclist 0 0 -10.0 492.00 141.00 510.00 199.00 0.0 0.0 0.0 0.0 0.0 0.0 -10.0 0.410
000011 18 Cyclist 0 0 -10.0 250.00 134.00 302.00 304.00 0.0 0.0 0.0 0.0 0.0 0.0 -10.0 0.812
000011 22 Cyclist 0 0 -10.0 513.00 139.00 530.00 190.00 0.0 0.0 0.0 0.0 0.0 0.0 -10.0 0.470
000011 3 Cyclist 0 0 -10.0 563.00 144.00 579.00 192.00 0.0 0.0 0.0 0.0 0.0 0.0 -10.0 0.353
000012 1 Cyclist 0 0 -10.0 547.00 139.00 653.00 366.00 0.0 0.0 0.0 0.0 0.0 0.0 -10.0 0.834
000012 2 Cyclist 0 0 -10.0 600.00 139.00 690.00 358.00 0.0 0.0 0.0 0.0 0.0 0.0 -10.0 0.754
000012 4 Cyclist 0 0 -10.0 537.00 141.00 554.00 193.00 0.0 0.0 0.0 0.0 0.0 0.0 -10.0 0.512
000012 17 Cyclist 0 0 -10.0 495.00 143.00 512.00 201.00 0.0 0.0 0.0 0.0 0.0 0.0 -10.0 0.569
000012 18 Cyclist 0 0 -10.0 258.00 135.00 312.00 310.00 0.0 0.0 0.0 0.0 0.0 0.0 -10.0 0.803
000012 22 Cyclist 0 0 -10.0 513.00 139.00 531.00 190.00 0.0 0.0 0.0 0.0 0.0 0.0 -10.0 0.258
000012 3 Cyclist 0 0 -10.0 562.00 144.00 578.00 190.00 0.0 0.0 0.0 0.0 0.0 0.0 -10.0 0.458
000013 1 Cyclist 0 0 -10.0 559.00 141.00 662.00 363.00 0.0 0.0 0.0 0.0 0.0 0.0 -10.0 0.813
000013 2 Cyclist 0 0 -10.0 614.00 139.00 702.00 357.00 0.0 0.0 0.0 0.0 0.0 0.0 -10.0 0.814
000013 4 Cyclist 0 0 -10.0 537.00 142.00 553.00 194.00 0.0 0.0 0.0 0.0 0.0 0.0 -10.0 0.545
000013 17 Cyclist 0 0 -10.0 496.00 142.00 514.00 203.00 0.0 0.0 0.0 0.0 0.0 0.0 -10.0 0.574
000013 18 Cyclist 0 0 -10.0 269.00 136.00 323.00 308.00 0.0 0.0 0.0 0.0 0.0 0.0 -10.0 0.807
000013 22 Cyclist 0 0 -10.0 514.00 139.00 531.00 189.00 0.0 0.0 0.0 0.0 0.0 0.0 -10.0 0.223
000013 3 Cyclist 0 0 -10.0 563.00 144.00 579.00 190.00 0.0 0.0 0.0 0.0 0.0 0.0 -10.0 0.569
000014 1 Cyclist 0 0 -10.0 573.00 139.00 676.00 366.00 0.0 0.0 0.0 0.0 0.0 0.0 -10.0 0.798
000014 2 Cyclist 0 0 -10.0 628.00 136.00 717.00 359.00 0.0 0.0 0.0 0.0 0.0 0.0 -10.0 0.796
000014 4 Cyclist 0 0 -10.0 535.00 142.00 552.00 194.00 0.0 0.0 0.0 0.0 0.0 0.0 -10.0 0.573
000014 17 Cyclist 0 0 -10.0 497.00 141.00 516.00 203.00 0.0 0.0 0.0 0.0 0.0 0.0 -10.0 0.638
000014 18 Cyclist 0 0 -10.0 283.00 139.00 338.00 309.00 0.0 0.0 0.0 0.0 0.0 0.0 -10.0 0.818
000014 22 Cyclist 0 0 -10.0 519.00 138.00 536.00 191.00 0.0 0.0 0.0 0.0 0.0 0.0 -10.0 0.193
000014 3 Cyclist 0 0 -10.0 563.00 142.00 580.00 191.00 0.0 0.0 0.0 0.0 0.0 0.0 -10.0 0.635
000014 27 Pedestrian 0 0 -10.0 462.00 141.00 493.00 187.00 0.0 0.0 0.0 0.0 0.0 0.0 -10.0 0.460
000014 28 Cyclist 0 0 -10.0 237.00 128.00 299.00 323.00 0.0 0.0 0.0 0.0 0.0 0.0 -10.0 0.573
000015 1 Cyclist 0 0 -10.0 584.00 138.00 687.00 365.00 0.0 0.0 0.0 0.0 0.0 0.0 -10.0 0.829
000015 2 Cyclist 0 0 -10.0 640.00 137.00 729.00 360.00 0.0 0.0 0.0 0.0 0.0 0.0 -10.0 0.792
000015 4 Cyclist 0 0 -10.0 535.00 141.00 552.00 194.00 0.0 0.0 0.0 0.0 0.0 0.0 -10.0 0.555
000015 17 Cyclist 0 0 -10.0 500.00 140.00 519.00 203.00 0.0 0.0 0.0 0.0 0.0 0.0 -10.0 0.718
000015 18 Cyclist 0 0 -10.0 293.00 140.00 350.00 314.00 0.0 0.0 0.0 0.0 0.0 0.0 -10.0 0.814
000015 3 Cyclist 0 0 -10.0 563.00 141.00 580.00 190.00 0.0 0.0 0.0 0.0 0.0 0.0 -10.0 0.648
000015 27 Pedestrian 0 0 -10.0 460.00 139.00 492.00 186.00 0.0 0.0 0.0 0.0 0.0 0.0 -10.0 0.560
000015 28 Cyclist 0 0 -10.0 253.00 129.00 313.00 319.00 0.0 0.0 0.0 0.0 0.0 0.0 -10.0 0.507
000016 1 Cyclist 0 0 -10.0 593.00 138.00 697.00 365.00 0.0 0.0 0.0 0.0 0.0 0.0 -10.0 0.841
000016 2 Cyclist 0 0 -10.0 655.00 138.00 743.00 359.00 0.0 0.0 0.0 0.0 0.0 0.0 -10.0 0.818
000016 4 Cyclist 0 0 -10.0 535.00 141.00 552.00 193.00 0.0 0.0 0.0 0.0 0.0 0.0 -10.0 0.542
000016 17 Cyclist 0 0 -10.0 502.00 139.00 522.00 204.00 0.0 0.0 0.0 0.0 0.0 0.0 -10.0 0.735
000016 18 Cyclist 0 0 -10.0 306.00 137.00 364.00 314.00 0.0 0.0 0.0 0.0 0.0 0.0 -10.0 0.797
000016 3 Cyclist 0 0 -10.0 563.00 142.00 580.00 191.00 0.0 0.0 0.0 0.0 0.0 0.0 -10.0 0.603
000016 27 Pedestrian 0 0 -10.0 458.00 140.00 490.00 187.00 0.0 0.0 0.0 0.0 0.0 0.0 -10.0 0.630
000016 28 Cyclist 0 0 -10.0 254.00 128.00 317.00 324.00 0.0 0.0 0.0 0.0 0.0 0.0 -10.0 0.798
000017 1 Cyclist 0 0 -10.0 604.00 143.00 707.00 366.00 0.0 0.0 0.0 0.0 0.0 0.0 -10.0 0.833
000017 2 Cyclist 0 0 -10.0 668.00 142.00 755.00 360.00 0.0 0.0 0.0 0.0 0.0 0.0 -10.0 0.822
000017 4 Cyclist 0 0 -10.0 536.00 141.00 553.00 193.00 0.0 0.0 0.0 0.0 0.0 0.0 -10.0 0.611
000017 17 Cyclist 0 0 -10.0 504.00 139.00 524.00 205.00 0.0 0.0 0.0 0.0 0.0 0.0 -10.0 0.680
000017 18 Cyclist 0 0 -10.0 319.00 138.00 378.00 316.00 0.0 0.0 0.0 0.0 0.0 0.0 -10.0 0.811
000017 3 Cyclist 0 0 -10.0 564.00 144.00 581.00 192.00 0.0 0.0 0.0 0.0 0.0 0.0 -10.0 0.625
000017 27 Pedestrian 0 0 -10.0 456.00 140.00 488.00 187.00 0.0 0.0 0.0 0.0 0.0 0.0 -10.0 0.618
000017 28 Cyclist 0 0 -10.0 258.00 126.00 321.00 326.00 0.0 0.0 0.0 0.0 0.0 0.0 -10.0 0.765
000018 1 Cyclist 0 0 -10.0 617.00 142.00 720.00 366.00 0.0 0.0 0.0 0.0 0.0 0.0 -10.0 0.847
000018 2 Cyclist 0 0 -10.0 680.00 141.00 766.00 360.00 0.0 0.0 0.0 0.0 0.0 0.0 -10.0 0.806
000018 4 Cyclist 0 0 -10.0 537.00 141.00 553.00 193.00 0.0 0.0 0.0 0.0 0.0 0.0 -10.0 0.645
000018 17 Cyclist 0 0 -10.0 505.00 139.00 525.00 205.00 0.0 0.0 0.0 0.0 0.0 0.0 -10.0 0.691
000018 18 Cyclist 0 0 -10.0 332.00 136.00 394.00 318.00 0.0 0.0 0.0 0.0 0.0 0.0 -10.0 0.807
000018 3 Cyclist 0 0 -10.0 566.00 145.00 582.00 192.00 0.0 0.0 0.0 0.0 0.0 0.0 -10.0 0.677
000018 27 Pedestrian 0 0 -10.0 451.00 141.00 483.00 188.00 0.0 0.0 0.0 0.0 0.0 0.0 -10.0 0.567
000018 28 Cyclist 0 0 -10.0 262.00 125.00 327.00 329.00 0.0 0.0 0.0 0.0 0.0 0.0 -10.0 0.792
000018 30 Cyclist 0 0 -10.0 1096.00 143.00 1207.00 363.00 0.0 0.0 0.0 0.0 0.0 0.0 -10.0 0.723
000019 1 Cyclist 0 0 -10.0 636.00 137.00 740.00 365.00 0.0 0.0 0.0 0.0 0.0 0.0 -10.0 0.769
000019 2 Cyclist 0 0 -10.0 688.00 136.00 777.00 361.00 0.0 0.0 0.0 0.0 0.0 0.0 -10.0 0.750
000019 4 Cyclist 0 0 -10.0 537.00 141.00 554.00 192.00 0.0 0.0 0.0 0.0 0.0 0.0 -10.0 0.674
000019 17 Cyclist 0 0 -10.0 506.00 139.00 526.00 205.00 0.0 0.0 0.0 0.0 0.0 0.0 -10.0 0.683
000019 18 Cyclist 0 0 -10.0 343.00 138.00 406.00 316.00 0.0 0.0 0.0 0.0 0.0 0.0 -10.0 0.832
000019 3 Cyclist 0 0 -10.0 567.00 145.00 584.00 193.00 0.0 0.0 0.0 0.0 0.0 0.0 -10.0 0.668
000019 27 Pedestrian 0 0 -10.0 444.00 141.00 477.00 190.00 0.0 0.0 0.0 0.0 0.0 0.0 -10.0 0.525
000019 28 Cyclist 0 0 -10.0 269.00 123.00 336.00 331.00 0.0 0.0 0.0 0.0 0.0 0.0 -10.0 0.797
000019 30 Cyclist 0 0 -10.0 1082.00 143.00 1195.00 363.00 0.0 0.0 0.0 0.0 0.0 0.0 -10.0 0.785
000020 1 Cyclist 0 0 -10.0 651.00 138.00 755.00 366.00 0.0 0.0 0.0 0.0 0.0 0.0 -10.0 0.841
000020 2 Cyclist 0 0 -10.0 706.00 135.00 794.00 360.00 0.0 0.0 0.0 0.0 0.0 0.0 -10.0 0.709
000020 4 Cyclist 0 0 -10.0 538.00 141.00 555.00 193.00 0.0 0.0 0.0 0.0 0.0 0.0 -10.0 0.641
000020 17 Cyclist 0 0 -10.0 507.00 138.00 528.00 205.00 0.0 0.0 0.0 0.0 0.0 0.0 -10.0 0.662
000020 18 Cyclist 0 0 -10.0 353.00 135.00 420.00 319.00 0.0 0.0 0.0 0.0 0.0 0.0 -10.0 0.823
000020 3 Cyclist 0 0 -10.0 568.00 144.00 585.00 193.00 0.0 0.0 0.0 0.0 0.0 0.0 -10.0 0.640
000020 27 Pedestrian 0 0 -10.0 440.00 142.00 474.00 191.00 0.0 0.0 0.0 0.0 0.0 0.0 -10.0 0.624
000020 28 Cyclist 0 0 -10.0 276.00 126.00 342.00 332.00 0.0 0.0 0.0 0.0 0.0 0.0 -10.0 0.794
000020 30 Cyclist 0 0 -10.0 1061.00 141.00 1177.00 363.00 0.0 0.0 0.0 0.0 0.0 0.0 -10.0 0.830
000021 1 Cyclist 0 0 -10.0 668.00 135.00 772.00 367.00 0.0 0.0 0.0 0.0 0.0 0.0 -10.0 0.792
000021 2 Cyclist 0 0 -10.0 715.00 134.00 806.00 361.00 0.0 0.0 0.0 0.0 0.0 0.0 -10.0 0.722
000021 4 Cyclist 0 0 -10.0 538.00 140.00 556.00 195.00 0.0 0.0 0.0 0.0 0.0 0.0 -10.0 0.652
000021 17 Cyclist 0 0 -10.0 509.00 138.00 531.00 207.00 0.0 0.0 0.0 0.0 0.0 0.0 -10.0 0.629
000021 18 Cyclist 0 0 -10.0 367.00 134.00 433.00 319.00 0.0 0.0 0.0 0.0 0.0 0.0 -10.0 0.820
000021 3 Cyclist 0 0 -10.0 568.00 143.00 586.00 193.00 0.0 0.0 0.0 0.0 0.0 0.0 -10.0 0.638
000021 27 Pedestrian 0 0 -10.0 434.00 141.00 470.00 192.00 0.0 0.0 0.0 0.0 0.0 0.0 -10.0 0.676
000021 28 Cyclist 0 0 -10.0 286.00 127.00 351.00 332.00 0.0 0.0 0.0 0.0 0.0 0.0 -10.0 0.814
000021 30 Cyclist 0 0 -10.0 1028.00 141.00 1146.00 363.00 0.0 0.0 0.0 0.0 0.0 0.0 -10.0 0.810
000022 1 Cyclist 0 0 -10.0 684.00 135.00 789.00 367.00 0.0 0.0 0.0 0.0 0.0 0.0 -10.0 0.738
000022 2 Cyclist 0 0 -10.0 727.00 132.00 821.00 364.00 0.0 0.0 0.0 0.0 0.0 0.0 -10.0 0.746
000022 4 Cyclist 0 0 -10.0 538.00 140.00 557.00 196.00 0.0 0.0 0.0 0.0 0.0 0.0 -10.0 0.604
000022 17 Cyclist 0 0 -10.0 512.00 138.00 533.00 208.00 0.0 0.0 0.0 0.0 0.0 0.0 -10.0 0.659
000022 18 Cyclist 0 0 -10.0 381.00 134.00 449.00 321.00 0.0 0.0 0.0 0.0 0.0 0.0 -10.0 0.848
000022 3 Cyclist 0 0 -10.0 568.00 143.00 586.00 194.00 0.0 0.0 0.0 0.0 0.0 0.0 -10.0 0.653
000022 27 Pedestrian 0 0 -10.0 428.00 140.00 465.00 192.00 0.0 0.0 0.0 0.0 0.0 0.0 -10.0 0.700
000022 28 Cyclist 0 0 -10.0 295.00 127.00 362.00 336.00 0.0 0.0 0.0 0.0 0.0 0.0 -10.0 0.807
000022 30 Cyclist 0 0 -10.0 993.00 144.00 1113.00 364.00 0.0 0.0 0.0 0.0 0.0 0.0 -10.0 0.802
000023 1 Cyclist 0 0 -10.0 700.00 135.00 804.00 364.00 0.0 0.0 0.0 0.0 0.0 0.0 -10.0 0.744
000023 2 Cyclist 0 0 -10.0 743.00 133.00 837.00 364.00 0.0 0.0 0.0 0.0 0.0 0.0 -10.0 0.626
000023 4 Cyclist 0 0 -10.0 537.00 140.00 556.00 196.00 0.0 0.0 0.0 0.0 0.0 0.0 -10.0 0.524
000023 17 Cyclist 0 0 -10.0 512.00 137.00 534.00 208.00 0.0 0.0 0.0 0.0 0.0 0.0 -10.0 0.636
000023 18 Cyclist 0 0 -10.0 392.00 133.00 462.00 324.00 0.0 0.0 0.0 0.0 0.0 0.0 -10.0 0.827
000023 3 Cyclist 0 0 -10.0 568.00 144.00 587.00 195.00 0.0 0.0 0.0 0.0 0.0 0.0 -10.0 0.667
000023 27 Pedestrian 0 0 -10.0 421.00 139.00 460.00 193.00 0.0 0.0 0.0 0.0 0.0 0.0 -10.0 0.706
000023 28 Cyclist 0 0 -10.0 308.00 125.00 376.00 336.00 0.0 0.0 0.0 0.0 0.0 0.0 -10.0 0.747
000023 30 Cyclist 0 0 -10.0 956.00 144.00 1076.00 366.00 0.0 0.0 0.0 0.0 0.0 0.0 -10.0 0.648
000024 1 Cyclist 0 0 -10.0 717.00 136.00 820.00 363.00 0.0 0.0 0.0 0.0 0.0 0.0 -10.0 0.778
000024 2 Cyclist 0 0 -10.0 759.00 133.00 854.00 364.00 0.0 0.0 0.0 0.0 0.0 0.0 -10.0 0.686
000024 4 Cyclist 0 0 -10.0 537.00 141.00 556.00 197.00 0.0 0.0 0.0 0.0 0.0 0.0 -10.0 0.546
000024 17 Cyclist 0 0 -10.0 513.00 139.00 535.00 208.00 0.0 0.0 0.0 0.0 0.0 0.0 -10.0 0.670
000024 18 Cyclist 0 0 -10.0 404.00 134.00 476.00 327.00 0.0 0.0 0.0 0.0 0.0 0.0 -10.0 0.821
000024 3 Cyclist 0 0 -10.0 569.00 145.00 587.00 196.00 0.0 0.0 0.0 0.0 0.0 0.0 -10.0 0.672
000024 27 Pedestrian 0 0 -10.0 417.00 140.00 455.00 191.00 0.0 0.0 0.0 0.0 0.0 0.0 -10.0 0.583
000024 28 Cyclist 0 0 -10.0 319.00 126.00 389.00 338.00 0.0 0.0 0.0 0.0 0.0 0.0 -10.0 0.812
000024 30 Cyclist 0 0 -10.0 925.00 142.00 1046.00 367.00 0.0 0.0 0.0 0.0 0.0 0.0 -10.0 0.766
000025 1 Cyclist 0 0 -10.0 738.00 135.00 842.00 363.00 0.0 0.0 0.0 0.0 0.0 0.0 -10.0 0.734
000025 2 Cyclist 0 0 -10.0 780.00 133.00 874.00 363.00 0.0 0.0 0.0 0.0 0.0 0.0 -10.0 0.734
000025 4 Cyclist 0 0 -10.0 539.00 142.00 557.00 196.00 0.0 0.0 0.0 0.0 0.0 0.0 -10.0 0.357
000025 17 Cyclist 0 0 -10.0 515.00 138.00 538.00 209.00 0.0 0.0 0.0 0.0 0.0 0.0 -10.0 0.695
000025 18 Cyclist 0 0 -10.0 416.00 135.00 489.00 329.00 0.0 0.0 0.0 0.0 0.0 0.0 -10.0 0.813
000025 3 Cyclist 0 0 -10.0 569.00 145.00 588.00 195.00 0.0 0.0 0.0 0.0 0.0 0.0 -10.0 0.641
000025 27 Pedestrian 0 0 -10.0 414.00 139.00 451.00 189.00 0.0 0.0 0.0 0.0 0.0 0.0 -10.0 0.303
000025 28 Cyclist 0 0 -10.0 330.00 126.00 402.00 340.00 0.0 0.0 0.0 0.0 0.0 0.0 -10.0 0.821
000025 30 Cyclist 0 0 -10.0 899.00 139.00 1021.00 366.00 0.0 0.0 0.0 0.0 0.0 0.0 -10.0 0.812
000026 1 Cyclist 0 0 -10.0 750.00 133.00 856.00 363.00 0.0 0.0 0.0 0.0 0.0 0.0 -10.0 0.749
000026 2 Cyclist 0 0 -10.0 797.00 132.00 894.00 364.00 0.0 0.0 0.0 0.0 0.0 0.0 -10.0 0.649
000026 4 Cyclist 0 0 -10.0 541.00 143.00 559.00 195.00 0.0 0.0 0.0 0.0 0.0 0.0 -10.0 0.311
000026 17 Cyclist 0 0 -10.0 517.00 140.00 539.00 210.00 0.0 0.0 0.0 0.0 0.0 0.0 -10.0 0.682
000026 18 Cyclist 0 0 -10.0 432.00 135.00 505.00 329.00 0.0 0.0 0.0 0.0 0.0 0.0 -10.0 0.808
000026 3 Cyclist 0 0 -10.0 570.00 145.00 588.00 195.00 0.0 0.0 0.0 0.0 0.0 0.0 -10.0 0.575
000026 27 Pedestrian 0 0 -10.0 406.00 138.00 445.00 189.00 0.0 0.0 0.0 0.0 0.0 0.0 -10.0 0.655
000026 28 Cyclist 0 0 -10.0 340.00 124.00 415.00 342.00 0.0 0.0 0.0 0.0 0.0 0.0 -10.0 0.831
000026 30 Cyclist 0 0 -10.0 874.00 142.00 993.00 365.00 0.0 0.0 0.0 0.0 0.0 0.0 -10.0 0.828
000027 1 Cyclist 0 0 -10.0 762.00 131.00 871.00 363.00 0.0 0.0 0.0 0.0 0.0 0.0 -10.0 0.733
000027 2 Cyclist 0 0 -10.0 815.00 132.00 912.00 364.00 0.0 0.0 0.0 0.0 0.0 0.0 -10.0 0.512
000027 4 Cyclist 0 0 -10.0 542.00 143.00 560.00 195.00 0.0 0.0 0.0 0.0 0.0 0.0 -10.0 0.307
000027 17 Cyclist 0 0 -10.0 518.00 141.00 540.00 210.00 0.0 0.0 0.0 0.0 0.0 0.0 -10.0 0.632
000027 18 Cyclist 0 0 -10.0 445.00 134.00 518.00 329.00 0.0 0.0 0.0 0.0 0.0 0.0 -10.0 0.832
000027 3 Cyclist 0 0 -10.0 571.00 144.00 590.00 196.00 0.0 0.0 0.0 0.0 0.0 0.0 -10.0 0.529
000027 27 Pedestrian 0 0 -10.0 398.00 137.00 439.00 191.00 0.0 0.0 0.0 0.0 0.0 0.0 -10.0 0.555
000027 28 Cyclist 0 0 -10.0 352.00 123.00 428.00 344.00 0.0 0.0 0.0 0.0 0.0 0.0 -10.0 0.793
000027 30 Cyclist 0 0 -10.0 839.00 134.00 961.00 364.00 0.0 0.0 0.0 0.0 0.0 0.0 -10.0 0.703
000028 1 Cyclist 0 0 -10.0 779.00 133.00 890.00 363.00 0.0 0.0 0.0 0.0 0.0 0.0 -10.0 0.621
000028 4 Cyclist 0 0 -10.0 543.00 141.00 561.00 194.00 0.0 0.0 0.0 0.0 0.0 0.0 -10.0 0.250
000028 17 Cyclist 0 0 -10.0 519.00 141.00 542.00 211.00 0.0 0.0 0.0 0.0 0.0 0.0 -10.0 0.609
000028 18 Cyclist 0 0 -10.0 458.00 133.00 534.00 332.00 0.0 0.0 0.0 0.0 0.0 0.0 -10.0 0.815
000028 3 Cyclist 0 0 -10.0 573.00 143.00 592.00 197.00 0.0 0.0 0.0 0.0 0.0 0.0 -10.0 0.628
000028 28 Cyclist 0 0 -10.0 361.00 122.00 439.00 346.00 0.0 0.0 0.0 0.0 0.0 0.0 -10.0 0.831
000028 30 Cyclist 0 0 -10.0 815.00 135.00 936.00 363.00 0.0 0.0 0.0 0.0 0.0 0.0 -10.0 0.748
000029 1 Cyclist 0 0 -10.0 794.00 133.00 906.00 365.00 0.0 0.0 0.0 0.0 0.0 0.0 -10.0 0.423
000029 4 Cyclist 0 0 -10.0 543.00 139.00 562.00 194.00 0.0 0.0 0.0 0.0 0.0 0.0 -10.0 0.352
000029 17 Cyclist 0 0 -10.0 521.00 139.00 544.00 211.00 0.0 0.0 0.0 0.0 0.0 0.0 -10.0 0.419
000029 18 Cyclist 0 0 -10.0 470.00 133.00 549.00 338.00 0.0 0.0 0.0 0.0 0.0 0.0 -10.0 0.820
000029 3 Cyclist 0 0 -10.0 574.00 143.00 593.00 197.00 0.0 0.0 0.0 0.0 0.0 0.0 -10.0 0.667
000029 28 Cyclist 0 0 -10.0 372.00 120.00 452.00 351.00 0.0 0.0 0.0 0.0 0.0 0.0 -10.0 0.834
000029 30 Cyclist 0 0 -10.0 799.00 138.00 922.00 361.00 0.0 0.0 0.0 0.0 0.0 0.0 -10.0 0.781
000029 2 Cyclist 0 0 -10.0 852.00 131.00 951.00 365.00 0.0 0.0 0.0 0.0 0.0 0.0 -10.0 0.732
000030 1 Cyclist 0 0 -10.0 827.00 135.00 943.00 363.00 0.0 0.0 0.0 0.0 0.0 0.0 -10.0 0.653
000030 4 Cyclist 0 0 -10.0 543.00 141.00 561.00 196.00 0.0 0.0 0.0 0.0 0.0 0.0 -10.0 0.517
000030 17 Cyclist 0 0 -10.0 526.00 139.00 545.00 202.00 0.0 0.0 0.0 0.0 0.0 0.0 -10.0 0.187
000030 18 Cyclist 0 0 -10.0 482.00 134.00 563.00 342.00 0.0 0.0 0.0 0.0 0.0 0.0 -10.0 0.828
000030 3 Cyclist 0 0 -10.0 576.00 144.00 595.00 197.00 0.0 0.0 0.0 0.0 0.0 0.0 -10.0 0.687
000030 28 Cyclist 0 0 -10.0 384.00 124.00 465.00 356.00 0.0 0.0 0.0 0.0 0.0 0.0 -10.0 0.807
000030 30 Cyclist 0 0 -10.0 780.00 138.00 903.00 364.00 0.0 0.0 0.0 0.0 0.0 0.0 -10.0 0.718
000030 27 Pedestrian 0 0 -10.0 378.00 138.00 418.00 189.00 0.0 0.0 0.0 0.0 0.0 0.0 -10.0 0.678
000031 1 Cyclist 0 0 -10.0 843.00 134.00 961.00 366.00 0.0 0.0 0.0 0.0 0.0 0.0 -10.0 0.554
000031 18 Cyclist 0 0 -10.0 496.00 135.00 577.00 343.00 0.0 0.0 0.0 0.0 0.0 0.0 -10.0 0.821
000031 3 Cyclist 0 0 -10.0 577.00 145.00 596.00 198.00 0.0 0.0 0.0 0.0 0.0 0.0 -10.0 0.680
000031 28 Cyclist 0 0 -10.0 395.00 123.00 478.00 357.00 0.0 0.0 0.0 0.0 0.0 0.0 -10.0 0.798
000031 30 Cyclist 0 0 -10.0 758.00 143.00 876.00 361.00 0.0 0.0 0.0 0.0 0.0 0.0 -10.0 0.794
000031 27 Pedestrian 0 0 -10.0 369.00 138.00 410.00 190.00 0.0 0.0 0.0 0.0 0.0 0.0 -10.0 0.557
000031 2 Cyclist 0 0 -10.0 881.00 128.00 982.00 365.00 0.0 0.0 0.0 0.0 0.0 0.0 -10.0 0.511
000032 1 Cyclist 0 0 -10.0 866.00 137.00 987.00 364.00 0.0 0.0 0.0 0.0 0.0 0.0 -10.0 0.813
000032 18 Cyclist 0 0 -10.0 512.00 134.00 594.00 349.00 0.0 0.0 0.0 0.0 0.0 0.0 -10.0 0.838
000032 3 Cyclist 0 0 -10.0 579.00 146.00 598.00 198.00 0.0 0.0 0.0 0.0 0.0 0.0 -10.0 0.648
000032 28 Cyclist 0 0 -10.0 405.00 122.00 488.00 357.00 0.0 0.0 0.0 0.0 0.0 0.0 -10.0 0.798
000032 30 Cyclist 0 0 -10.0 736.00 146.00 850.00 360.00 0.0 0.0 0.0 0.0 0.0 0.0 -10.0 0.809
000032 27 Pedestrian 0 0 -10.0 360.00 140.00 404.00 192.00 0.0 0.0 0.0 0.0 0.0 0.0 -10.0 0.671
000032 46 Cyclist 0 0 -10.0 483.00 137.00 501.00 181.00 0.0 0.0 0.0 0.0 0.0 0.0 -10.0 0.413
000032 49 Cyclist 0 0 -10.0 515.00 137.00 538.00 200.00 0.0 0.0 0.0 0.0 0.0 0.0 -10.0 0.401
000032 2 Cyclist 0 0 -10.0 904.00 132.00 1003.00 364.00 0.0 0.0 0.0 0.0 0.0 0.0 -10.0 0.573
000032 17 Cyclist 0 0 -10.0 530.00 139.00 550.00 201.00 0.0 0.0 0.0 0.0 0.0 0.0 -10.0 0.324
000033 1 Cyclist 0 0 -10.0 883.00 140.00 1008.00 363.00 0.0 0.0 0.0 0.0 0.0 0.0 -10.0 0.861
000033 18 Cyclist 0 0 -10.0 526.00 133.00 609.00 348.00 0.0 0.0 0.0 0.0 0.0 0.0 -10.0 0.808
000033 3 Cyclist 0 0 -10.0 580.00 146.00 599.00 200.00 0.0 0.0 0.0 0.0 0.0 0.0 -10.0 0.464
000033 28 Cyclist 0 0 -10.0 419.00 122.00 504.00 359.00 0.0 0.0 0.0 0.0 0.0 0.0 -10.0 0.807
000033 30 Cyclist 0 0 -10.0 710.00 147.00 820.00 356.00 0.0 0.0 0.0 0.0 0.0 0.0 -10.0 0.817
000033 27 Pedestrian 0 0 -10.0 352.00 141.00 397.00 193.00 0.0 0.0 0.0 0.0 0.0 0.0 -10.0 0.508
000033 46 Cyclist 0 0 -10.0 484.00 138.00 504.00 185.00 0.0 0.0 0.0 0.0 0.0 0.0 -10.0 0.320
000033 49 Cyclist 0 0 -10.0 518.00 135.00 540.00 199.00 0.0 0.0 0.0 0.0 0.0 0.0 -10.0 0.520
000033 2 Cyclist 0 0 -10.0 922.00 135.00 1022.00 366.00 0.0 0.0 0.0 0.0 0.0 0.0 -10.0 0.448
000033 17 Cyclist 0 0 -10.0 530.00 137.00 549.00 200.00 0.0 0.0 0.0 0.0 0.0 0.0 -10.0 0.234
000034 1 Cyclist 0 0 -10.0 906.00 141.00 1036.00 363.00 0.0 0.0 0.0 0.0 0.0 0.0 -10.0 0.844
000034 18 Cyclist 0 0 -10.0 539.00 135.00 622.00 349.00 0.0 0.0 0.0 0.0 0.0 0.0 -10.0 0.821
000034 3 Cyclist 0 0 -10.0 585.00 146.00 604.00 200.00 0.0 0.0 0.0 0.0 0.0 0.0 -10.0 0.140
000034 28 Cyclist 0 0 -10.0 435.00 119.00 520.00 362.00 0.0 0.0 0.0 0.0 0.0 0.0 -10.0 0.798
000034 30 Cyclist 0 0 -10.0 691.00 147.00 798.00 354.00 0.0 0.0 0.0 0.0 0.0 0.0 -10.0 0.809
000034 27 Pedestrian 0 0 -10.0 343.00 140.00 388.00 192.00 0.0 0.0 0.0 0.0 0.0 0.0 -10.0 0.508
000034 49 Cyclist 0 0 -10.0 519.00 134.00 542.00 199.00 0.0 0.0 0.0 0.0 0.0 0.0 -10.0 0.545
000034 2 Cyclist 0 0 -10.0 937.00 136.00 1039.00 363.00 0.0 0.0 0.0 0.0 0.0 0.0 -10.0 0.323
000034 17 Cyclist 0 0 -10.0 530.00 136.00 550.00 200.00 0.0 0.0 0.0 0.0 0.0 0.0 -10.0 0.316
000035 1 Cyclist 0 0 -10.0 931.00 141.00 1066.00 362.00 0.0 0.0 0.0 0.0 0.0 0.0 -10.0 0.820
000035 18 Cyclist 0 0 -10.0 551.00 136.00 637.00 355.00 0.0 0.0 0.0 0.0 0.0 0.0 -10.0 0.819
000035 3 Cyclist 0 0 -10.0 583.00 144.00 604.00 204.00 0.0 0.0 0.0 0.0 0.0 0.0 -10.0 0.168
000035 28 Cyclist 0 0 -10.0 452.00 121.00 538.00 363.00 0.0 0.0 0.0 0.0 0.0 0.0 -10.0 0.786
000035 30 Cyclist 0 0 -10.0 673.00 148.00 778.00 351.00 0.0 0.0 0.0 0.0 0.0 0.0 -10.0 0.809
000035 49 Cyclist 0 0 -10.0 523.00 136.00 545.00 200.00 0.0 0.0 0.0 0.0 0.0 0.0 -10.0 0.189
000035 2 Cyclist 0 0 -10.0 960.00 136.00 1064.00 364.00 0.0 0.0 0.0 0.0 0.0 0.0 -10.0 0.335
000035 17 Cyclist 0 0 -10.0 535.00 138.00 557.00 209.00 0.0 0.0 0.0 0.0 0.0 0.0 -10.0 0.570
000035 4 Cyclist 0 0 -10.0 541.00 139.00 564.00 208.00 0.0 0.0 0.0 0.0 0.0 0.0 -10.0 0.363
000036 1 Cyclist 0 0 -10.0 954.00 139.00 1096.00 362.00 0.0 0.0 0.0 0.0 0.0 0.0 -10.0 0.844
000036 18 Cyclist 0 0 -10.0 565.00 136.00 652.00 358.00 0.0 0.0 0.0 0.0 0.0 0.0 -10.0 0.819
000036 3 Cyclist 0 0 -10.0 582.00 143.00 605.00 209.00 0.0 0.0 0.0 0.0 0.0 0.0 -10.0 0.377
000036 28 Cyclist 0 0 -10.0 465.00 121.00 553.00 362.00 0.0 0.0 0.0 0.0 0.0 0.0 -10.0 0.806
000036 30 Cyclist 0 0 -10.0 655.00 148.00 757.00 347.00 0.0 0.0 0.0 0.0 0.0 0.0 -10.0 0.797
000036 2 Cyclist 0 0 -10.0 997.00 133.00 1108.00 364.00 0.0 0.0 0.0 0.0 0.0 0.0 -10.0 0.379
000036 17 Cyclist 0 0 -10.0 537.00 140.00 560.00 213.00 0.0 0.0 0.0 0.0 0.0 0.0 -10.0 0.630
000037 1 Cyclist 0 0 -10.0 974.00 140.00 1121.00 362.00 0.0 0.0 0.0 0.0 0.0 0.0 -10.0 0.845
000037 18 Cyclist 0 0 -10.0 579.00 135.00 668.00 359.00 0.0 0.0 0.0 0.0 0.0 0.0 -10.0 0.819
000037 3 Cyclist 0 0 -10.0 585.00 143.00 607.00 205.00 0.0 0.0 0.0 0.0 0.0 0.0 -10.0 0.126
000037 28 Cyclist 0 0 -10.0 476.00 124.00 565.00 363.00 0.0 0.0 0.0 0.0 0.0 0.0 -10.0 0.800
000037 30 Cyclist 0 0 -10.0 631.00 147.00 730.00 346.00 0.0 0.0 0.0 0.0 0.0 0.0 -10.0 0.811
000037 2 Cyclist 0 0 -10.0 1025.00 132.00 1142.00 364.00 0.0 0.0 0.0 0.0 0.0 0.0 -10.0 0.244
000037 4 Cyclist 0 0 -10.0 541.00 140.00 566.00 216.00 0.0 0.0 0.0 0.0 0.0 0.0 -10.0 0.658
000038 1 Cyclist 0 0 -10.0 1004.00 138.00 1159.00 363.00 0.0 0.0 0.0 0.0 0.0 0.0 -10.0 0.857
000038 18 Cyclist 0 0 -10.0 597.00 136.00 686.00 359.00 0.0 0.0 0.0 0.0 0.0 0.0 -10.0 0.826
000038 3 Cyclist 0 0 -10.0 585.00 144.00 605.00 201.00 0.0 0.0 0.0 0.0 0.0 0.0 -10.0 0.587
000038 28 Cyclist 0 0 -10.0 490.00 126.00 580.00 365.00 0.0 0.0 0.0 0.0 0.0 0.0 -10.0 0.785
000038 30 Cyclist 0 0 -10.0 607.00 143.00 710.00 353.00 0.0 0.0 0.0 0.0 0.0 0.0 -10.0 0.245
000038 4 Cyclist 0 0 -10.0 544.00 139.00 567.00 209.00 0.0 0.0 0.0 0.0 0.0 0.0 -10.0 0.229
000039 1 Cyclist 0 0 -10.0 1030.00 141.00 1189.00 363.00 0.0 0.0 0.0 0.0 0.0 0.0 -10.0 0.830
000039 18 Cyclist 0 0 -10.0 607.00 135.00 698.00 360.00 0.0 0.0 0.0 0.0 0.0 0.0 -10.0 0.852
000039 3 Cyclist 0 0 -10.0 585.00 143.00 605.00 201.00 0.0 0.0 0.0 0.0 0.0 0.0 -10.0 0.416
000039 28 Cyclist 0 0 -10.0 507.00 123.00 597.00 362.00 0.0 0.0 0.0 0.0 0.0 0.0 -10.0 0.791
000040 1 Cyclist 0 0 -10.0 1049.00 147.00 1207.00 363.00 0.0 0.0 0.0 0.0 0.0 0.0 -10.0 0.793
000040 18 Cyclist 0 0 -10.0 620.00 137.00 711.00 359.00 0.0 0.0 0.0 0.0 0.0 0.0 -10.0 0.822
000040 3 Cyclist 0 0 -10.0 588.00 140.00 607.00 198.00 0.0 0.0 0.0 0.0 0.0 0.0 -10.0 0.311
000040 28 Cyclist 0 0 -10.0 520.00 128.00 610.00 366.00 0.0 0.0 0.0 0.0 0.0 0.0 -10.0 0.824
000040 66 Cyclist 0 0 -10.0 519.00 133.00 538.00 203.00 0.0 0.0 0.0 0.0 0.0 0.0 -10.0 0.597
000040 30 Cyclist 0 0 -10.0 576.00 141.00 679.00 355.00 0.0 0.0 0.0 0.0 0.0 0.0 -10.0 0.678
000041 1 Cyclist 0 0 -10.0 1063.00 148.00 1221.00 363.00 0.0 0.0 0.0 0.0 0.0 0.0 -10.0 0.786
000041 18 Cyclist 0 0 -10.0 632.00 131.00 725.00 360.00 0.0 0.0 0.0 0.0 0.0 0.0 -10.0 0.833
000041 3 Cyclist 0 0 -10.0 588.00 136.00 610.00 200.00 0.0 0.0 0.0 0.0 0.0 0.0 -10.0 0.185
000041 28 Cyclist 0 0 -10.0 536.00 126.00 628.00 364.00 0.0 0.0 0.0 0.0 0.0 0.0 -10.0 0.782
000041 66 Cyclist 0 0 -10.0 520.00 136.00 539.00 204.00 0.0 0.0 0.0 0.0 0.0 0.0 -10.0 0.718
000041 4 Cyclist 0 0 -10.0 544.00 140.00 566.00 207.00 0.0 0.0 0.0 0.0 0.0 0.0 -10.0 0.553
000042 1 Cyclist 0 0 -10.0 1073.00 144.00 1224.00 363.00 0.0 0.0 0.0 0.0 0.0 0.0 -10.0 0.565
000042 18 Cyclist 0 0 -10.0 649.00 130.00 742.00 361.00 0.0 0.0 0.0 0.0 0.0 0.0 -10.0 0.842
000042 28 Cyclist 0 0 -10.0 546.00 128.00 641.00 365.00 0.0 0.0 0.0 0.0 0.0 0.0 -10.0 0.801
000042 66 Cyclist 0 0 -10.0 521.00 138.00 539.00 204.00 0.0 0.0 0.0 0.0 0.0 0.0 -10.0 0.519
000042 4 Cyclist 0 0 -10.0 545.00 140.00 567.00 209.00 0.0 0.0 0.0 0.0 0.0 0.0 -10.0 0.463
000042 17 Cyclist 0 0 -10.0 548.00 141.00 572.00 218.00 0.0 0.0 0.0 0.0 0.0 0.0 -10.0 0.589
000043 1 Cyclist 0 0 -10.0 1088.00 141.00 1224.00 363.00 0.0 0.0 0.0 0.0 0.0 0.0 -10.0 0.323
000043 18 Cyclist 0 0 -10.0 664.00 130.00 758.00 363.00 0.0 0.0 0.0 0.0 0.0 0.0 -10.0 0.845
000043 28 Cyclist 0 0 -10.0 563.00 127.00 658.00 363.00 0.0 0.0 0.0 0.0 0.0 0.0 -10.0 0.804
000043 66 Cyclist 0 0 -10.0 520.00 136.00 539.00 204.00 0.0 0.0 0.0 0.0 0.0 0.0 -10.0 0.592
000043 4 Cyclist 0 0 -10.0 545.00 139.00 568.00 211.00 0.0 0.0 0.0 0.0 0.0 0.0 -10.0 0.443
000043 17 Cyclist 0 0 -10.0 552.00 142.00 576.00 217.00 0.0 0.0 0.0 0.0 0.0 0.0 -10.0 0.118
000043 30 Cyclist 0 0 -10.0 519.00 144.00 614.00 343.00 0.0 0.0 0.0 0.0 0.0 0.0 -10.0 0.780
000043 3 Cyclist 0 0 -10.0 589.00 143.00 610.00 204.00 0.0 0.0 0.0 0.0 0.0 0.0 -10.0 0.371
000044 1 Cyclist 0 0 -10.0 1106.00 140.00 1224.00 357.00 0.0 0.0 0.0 0.0 0.0 0.0 -10.0 0.129
000044 18 Cyclist 0 0 -10.0 680.00 129.00 774.00 363.00 0.0 0.0 0.0 0.0 0.0 0.0 -10.0 0.834
000044 28 Cyclist 0 0 -10.0 580.00 125.00 676.00 363.00 0.0 0.0 0.0 0.0 0.0 0.0 -10.0 0.810
000044 66 Cyclist 0 0 -10.0 522.00 137.00 540.00 204.00 0.0 0.0 0.0 0.0 0.0 0.0 -10.0 0.357
000044 4 Cyclist 0 0 -10.0 547.00 139.00 569.00 209.00 0.0 0.0 0.0 0.0 0.0 0.0 -10.0 0.267
000044 17 Cyclist 0 0 -10.0 555.00 142.00 580.00 221.00 0.0 0.0 0.0 0.0 0.0 0.0 -10.0 0.694
000044 30 Cyclist 0 0 -10.0 502.00 146.00 593.00 336.00 0.0 0.0 0.0 0.0 0.0 0.0 -10.0 0.801
000044 3 Cyclist 0 0 -10.0 590.00 143.00 609.00 200.00 0.0 0.0 0.0 0.0 0.0 0.0 -10.0 0.517
000045 18 Cyclist 0 0 -10.0 694.00 130.00 789.00 363.00 0.0 0.0 0.0 0.0 0.0 0.0 -10.0 0.847
000045 28 Cyclist 0 0 -10.0 602.00 121.00 700.00 361.00 0.0 0.0 0.0 0.0 0.0 0.0 -10.0 0.799
000045 66 Cyclist 0 0 -10.0 523.00 136.00 539.00 192.00 0.0 0.0 0.0 0.0 0.0 0.0 -10.0 0.107
000045 4 Cyclist 0 0 -10.0 549.00 139.00 572.00 214.00 0.0 0.0 0.0 0.0 0.0 0.0 -10.0 0.446
000045 17 Cyclist 0 0 -10.0 557.00 140.00 583.00 223.00 0.0 0.0 0.0 0.0 0.0 0.0 -10.0 0.714
000045 30 Cyclist 0 0 -10.0 483.00 147.00 572.00 333.00 0.0 0.0 0.0 0.0 0.0 0.0 -10.0 0.799
000045 3 Cyclist 0 0 -10.0 594.00 142.00 614.00 203.00 0.0 0.0 0.0 0.0 0.0 0.0 -10.0 0.621
000045 74 Cyclist 0 0 -10.0 552.00 139.00 579.00 220.00 0.0 0.0 0.0 0.0 0.0 0.0 -10.0 0.578
000046 18 Cyclist 0 0 -10.0 710.00 130.00 804.00 362.00 0.0 0.0 0.0 0.0 0.0 0.0 -10.0 0.822
000046 28 Cyclist 0 0 -10.0 620.00 115.00 720.00 361.00 0.0 0.0 0.0 0.0 0.0 0.0 -10.0 0.792
000046 66 Cyclist 0 0 -10.0 522.00 135.00 541.00 204.00 0.0 0.0 0.0 0.0 0.0 0.0 -10.0 0.620
000046 4 Cyclist 0 0 -10.0 549.00 140.00 571.00 211.00 0.0 0.0 0.0 0.0 0.0 0.0 -10.0 0.485
000046 17 Cyclist 0 0 -10.0 558.00 140.00 585.00 224.00 0.0 0.0 0.0 0.0 0.0 0.0 -10.0 0.648
000046 30 Cyclist 0 0 -10.0 464.00 149.00 548.00 331.00 0.0 0.0 0.0 0.0 0.0 0.0 -10.0 0.804
000046 3 Cyclist 0 0 -10.0 596.00 144.00 617.00 205.00 0.0 0.0 0.0 0.0 0.0 0.0 -10.0 0.664
000046 74 Cyclist 0 0 -10.0 552.00 139.00 580.00 222.00 0.0 0.0 0.0 0.0 0.0 0.0 -10.0 0.597
000047 18 Cyclist 0 0 -10.0 728.00 128.00 823.00 362.00 0.0 0.0 0.0 0.0 0.0 0.0 -10.0 0.815
000047 28 Cyclist 0 0 -10.0 635.00 117.00 734.00 360.00 0.0 0.0 0.0 0.0 0.0 0.0 -10.0 0.795
000047 66 Cyclist 0 0 -10.0 523.00 135.00 543.00 206.00 0.0 0.0 0.0 0.0 0.0 0.0 -10.0 0.702
000047 4 Cyclist 0 0 -10.0 550.00 140.00 571.00 209.00 0.0 0.0 0.0 0.0 0.0 0.0 -10.0 0.503
000047 17 Cyclist 0 0 -10.0 558.00 140.00 585.00 225.00 0.0 0.0 0.0 0.0 0.0 0.0 -10.0 0.597
000047 30 Cyclist 0 0 -10.0 446.00 150.00 529.00 330.00 0.0 0.0 0.0 0.0 0.0 0.0 -10.0 0.816
000047 3 Cyclist 0 0 -10.0 598.00 144.00 619.00 207.00 0.0 0.0 0.0 0.0 0.0 0.0 -10.0 0.694
000047 74 Cyclist 0 0 -10.0 552.00 138.00 579.00 222.00 0.0 0.0 0.0 0.0 0.0 0.0 -10.0 0.585
000048 18 Cyclist 0 0 -10.0 743.00 129.00 839.00 363.00 0.0 0.0 0.0 0.0 0.0 0.0 -10.0 0.843
000048 28 Cyclist 0 0 -10.0 653.00 116.00 754.00 360.00 0.0 0.0 0.0 0.0 0.0 0.0 -10.0 0.789
000048 66 Cyclist 0 0 -10.0 523.00 134.00 544.00 207.00 0.0 0.0 0.0 0.0 0.0 0.0 -10.0 0.707
000048 4 Cyclist 0 0 -10.0 551.00 140.00 573.00 208.00 0.0 0.0 0.0 0.0 0.0 0.0 -10.0 0.392
000048 17 Cyclist 0 0 -10.0 563.00 140.00 590.00 225.00 0.0 0.0 0.0 0.0 0.0 0.0 -10.0 0.646
000048 30 Cyclist 0 0 -10.0 426.00 147.00 510.00 331.00 0.0 0.0 0.0 0.0 0.0 0.0 -10.0 0.850
000048 3 Cyclist 0 0 -10.0 599.00 144.00 621.00 208.00 0.0 0.0 0.0 0.0 0.0 0.0 -10.0 0.665
000048 74 Cyclist 0 0 -10.0 553.00 140.00 578.00 216.00 0.0 0.0 0.0 0.0 0.0 0.0 -10.0 0.481
000049 18 Cyclist 0 0 -10.0 759.00 130.00 856.00 365.00 0.0 0.0 0.0 0.0 0.0 0.0 -10.0 0.815
000049 28 Cyclist 0 0 -10.0 672.00 115.00 775.00 363.00 0.0 0.0 0.0 0.0 0.0 0.0 -10.0 0.765
000049 66 Cyclist 0 0 -10.0 523.00 132.00 544.00 208.00 0.0 0.0 0.0 0.0 0.0 0.0 -10.0 0.725
000049 4 Cyclist 0 0 -10.0 552.00 140.00 573.00 205.00 0.0 0.0 0.0 0.0 0.0 0.0 -10.0 0.532
000049 17 Cyclist 0 0 -10.0 567.00 139.00 594.00 225.00 0.0 0.0 0.0 0.0 0.0 0.0 -10.0 0.706
000049 30 Cyclist 0 0 -10.0 408.00 148.00 491.00 329.00 0.0 0.0 0.0 0.0 0.0 0.0 -10.0 0.807
000049 3 Cyclist 0 0 -10.0 602.00 143.00 624.00 208.00 0.0 0.0 0.0 0.0 0.0 0.0 -10.0 0.707
000049 74 Cyclist 0 0 -10.0 555.00 140.00 578.00 210.00 0.0 0.0 0.0 0.0 0.0 0.0 -10.0 0.393
000049 81 Pedestrian 0 0 -10.0 484.00 140.00 513.00 185.00 0.0 0.0 0.0 0.0 0.0 0.0 -10.0 0.473
000050 18 Cyclist 0 0 -10.0 778.00 127.00 877.00 366.00 0.0 0.0 0.0 0.0 0.0 0.0 -10.0 0.784
000050 28 Cyclist 0 0 -10.0 691.00 114.00 796.00 363.00 0.0 0.0 0.0 0.0 0.0 0.0 -10.0 0.762
000050 66 Cyclist 0 0 -10.0 522.00 132.00 545.00 209.00 0.0 0.0 0.0 0.0 0.0 0.0 -10.0 0.709
000050 4 Cyclist 0 0 -10.0 553.00 139.00 574.00 205.00 0.0 0.0 0.0 0.0 0.0 0.0 -10.0 0.529
000050 17 Cyclist 0 0 -10.0 570.00 140.00 598.00 226.00 0.0 0.0 0.0 0.0 0.0 0.0 -10.0 0.703
000050 30 Cyclist 0 0 -10.0 388.00 145.00 467.00 323.00 0.0 0.0 0.0 0.0 0.0 0.0 -10.0 0.833
000050 3 Cyclist 0 0 -10.0 603.00 143.00 626.00 209.00 0.0 0.0 0.0 0.0 0.0 0.0 -10.0 0.706
000050 74 Cyclist 0 0 -10.0 556.00 139.00 579.00 207.00 0.0 0.0 0.0 0.0 0.0 0.0 -10.0 0.338
000050 81 Pedestrian 0 0 -10.0 481.00 140.00 508.00 185.00 0.0 0.0 0.0 0.0 0.0 0.0 -10.0 0.659
000051 18 Cyclist 0 0 -10.0 802.00 127.00 900.00 364.00 0.0 0.0 0.0 0.0 0.0 0.0 -10.0 0.800
000051 28 Cyclist 0 0 -10.0 705.00 115.00 809.00 362.00 0.0 0.0 0.0 0.0 0.0 0.0 -10.0 0.742
000051 66 Cyclist 0 0 -10.0 523.00 132.00 546.00 209.00 0.0 0.0 0.0 0.0 0.0 0.0 -10.0 0.710
000051 4 Cyclist 0 0 -10.0 554.00 139.00 576.00 210.00 0.0 0.0 0.0 0.0 0.0 0.0 -10.0 0.596
000051 17 Cyclist 0 0 -10.0 574.00 138.00 603.00 228.00 0.0 0.0 0.0 0.0 0.0 0.0 -10.0 0.754
000051 30 Cyclist 0 0 -10.0 370.00 144.00 449.00 324.00 0.0 0.0 0.0 0.0 0.0 0.0 -10.0 0.815
000051 3 Cyclist 0 0 -10.0 606.00 144.00 628.00 209.00 0.0 0.0 0.0 0.0 0.0 0.0 -10.0 0.732
000051 81 Pedestrian 0 0 -10.0 477.00 141.00 505.00 185.00 0.0 0.0 0.0 0.0 0.0 0.0 -10.0 0.492
000052 18 Cyclist 0 0 -10.0 824.00 126.00 923.00 364.00 0.0 0.0 0.0 0.0 0.0 0.0 -10.0 0.774
000052 28 Cyclist 0 0 -10.0 720.00 116.00 826.00 362.00 0.0 0.0 0.0 0.0 0.0 0.0 -10.0 0.729
000052 66 Cyclist 0 0 -10.0 524.00 132.00 547.00 210.00 0.0 0.0 0.0 0.0 0.0 0.0 -10.0 0.680
000052 4 Cyclist 0 0 -10.0 555.00 139.00 578.00 211.00 0.0 0.0 0.0 0.0 0.0 0.0 -10.0 0.663
000052 17 Cyclist 0 0 -10.0 577.00 140.00 606.00 229.00 0.0 0.0 0.0 0.0 0.0 0.0 -10.0 0.753
000052 30 Cyclist 0 0 -10.0 352.00 143.00 432.00 323.00 0.0 0.0 0.0 0.0 0.0 0.0 -10.0 0.805
000052 3 Cyclist 0 0 -10.0 607.00 144.00 630.00 209.00 0.0 0.0 0.0 0.0 0.0 0.0 -10.0 0.679
000052 81 Pedestrian 0 0 -10.0 475.00 142.00 502.00 185.00 0.0 0.0 0.0 0.0 0.0 0.0 -10.0 0.641
000053 18 Cyclist 0 0 -10.0 847.00 122.00 949.00 366.00 0.0 0.0 0.0 0.0 0.0 0.0 -10.0 0.752
000053 28 Cyclist 0 0 -10.0 736.00 108.00 849.00 363.00 0.0 0.0 0.0 0.0 0.0 0.0 -10.0 0.586
000053 66 Cyclist 0 0 -10.0 525.00 132.00 548.00 209.00 0.0 0.0 0.0 0.0 0.0 0.0 -10.0 0.690
000053 4 Cyclist 0 0 -10.0 555.00 139.00 578.00 211.00 0.0 0.0 0.0 0.0 0.0 0.0 -10.0 0.668
000053 17 Cyclist 0 0 -10.0 579.00 140.00 609.00 231.00 0.0 0.0 0.0 0.0 0.0 0.0 -10.0 0.742
000053 30 Cyclist 0 0 -10.0 334.00 144.00 417.00 325.00 0.0 0.0 0.0 0.0 0.0 0.0 -10.0 0.836
000053 3 Cyclist 0 0 -10.0 609.00 145.00 632.00 210.00 0.0 0.0 0.0 0.0 0.0 0.0 -10.0 0.693
000053 81 Pedestrian 0 0 -10.0 473.00 141.00 501.00 186.00 0.0 0.0 0.0 0.0 0.0 0.0 -10.0 0.741
000053 86 Cyclist 0 0 -10.0 726.00 112.00 906.00 361.00 0.0 0.0 0.0 0.0 0.0 0.0 -10.0 0.798
000054 18 Cyclist 0 0 -10.0 868.00 129.00 973.00 365.00 0.0 0.0 0.0 0.0 0.0 0.0 -10.0 0.730
000054 28 Cyclist 0 0 -10.0 756.00 106.00 870.00 360.00 0.0 0.0 0.0 0.0 0.0 0.0 -10.0 0.116
000054 66 Cyclist 0 0 -10.0 525.00 131.00 549.00 211.00 0.0 0.0 0.0 0.0 0.0 0.0 -10.0 0.727
000054 4 Cyclist 0 0 -10.0 555.00 138.00 578.00 211.00 0.0 0.0 0.0 0.0 0.0 0.0 -10.0 0.697
000054 17 Cyclist 0 0 -10.0 581.00 140.00 612.00 232.00 0.0 0.0 0.0 0.0 0.0 0.0 -10.0 0.796
000054 30 Cyclist 0 0 -10.0 317.00 143.00 397.00 320.00 0.0 0.0 0.0 0.0 0.0 0.0 -10.0 0.796
000054 3 Cyclist 0 0 -10.0 612.00 145.00 634.00 209.00 0.0 0.0 0.0 0.0 0.0 0.0 -10.0 0.725
000054 86 Cyclist 0 0 -10.0 744.00 110.00 926.00 361.00 0.0 0.0 0.0 0.0 0.0 0.0 -10.0 0.844
000055 18 Cyclist 0 0 -10.0 895.00 134.00 1006.00 363.00 0.0 0.0 0.0 0.0 0.0 0.0 -10.0 0.827
000055 66 Cyclist 0 0 -10.0 526.00 131.00 550.00 211.00 0.0 0.0 0.0 0.0 0.0 0.0 -10.0 0.725
000055 4 Cyclist 0 0 -10.0 557.00 139.00 580.00 211.00 0.0 0.0 0.0 0.0 0.0 0.0 -10.0 0.742
000055 17 Cyclist 0 0 -10.0 585.00 140.00 615.00 232.00 0.0 0.0 0.0 0.0 0.0 0.0 -10.0 0.769
000055 30 Cyclist 0 0 -10.0 304.00 143.00 381.00 317.00 0.0 0.0 0.0 0.0 0.0 0.0 -10.0 0.746
000055 3 Cyclist 0 0 -10.0 615.00 145.00 638.00 210.00 0.0 0.0 0.0 0.0 0.0 0.0 -10.0 0.624
000055 86 Cyclist 0 0 -10.0 769.00 107.00 952.00 360.00 0.0 0.0 0.0 0.0 0.0 0.0 -10.0 0.862
000055 81 Pedestrian 0 0 -10.0 467.00 143.00 494.00 186.00 0.0 0.0 0.0 0.0 0.0 0.0 -10.0 0.457
000056 18 Cyclist 0 0 -10.0 920.00 134.00 1039.00 364.00 0.0 0.0 0.0 0.0 0.0 0.0 -10.0 0.823
000056 66 Cyclist 0 0 -10.0 527.00 133.00 551.00 211.00 0.0 0.0 0.0 0.0 0.0 0.0 -10.0 0.714
000056 4 Cyclist 0 0 -10.0 558.00 140.00 581.00 211.00 0.0 0.0 0.0 0.0 0.0 0.0 -10.0 0.733
000056 17 Cyclist 0 0 -10.0 588.00 140.00 619.00 234.00 0.0 0.0 0.0 0.0 0.0 0.0 -10.0 0.754
000056 30 Cyclist 0 0 -10.0 287.00 145.00 362.00 316.00 0.0 0.0 0.0 0.0 0.0 0.0 -10.0 0.833
000056 3 Cyclist 0 0 -10.0 617.00 144.00 640.00 211.00 0.0 0.0 0.0 0.0 0.0 0.0 -10.0 0.652
000056 86 Cyclist 0 0 -10.0 794.00 104.00 981.00 359.00 0.0 0.0 0.0 0.0 0.0 0.0 -10.0 0.880
000056 81 Pedestrian 0 0 -10.0 463.00 143.00 491.00 187.00 0.0 0.0 0.0 0.0 0.0 0.0 -10.0 0.496
000057 18 Cyclist 0 0 -10.0 946.00 129.00 1075.00 364.00 0.0 0.0 0.0 0.0 0.0 0.0 -10.0 0.869
000057 66 Cyclist 0 0 -10.0 528.00 134.00 552.00 213.00 0.0 0.0 0.0 0.0 0.0 0.0 -10.0 0.711
000057 4 Cyclist 0 0 -10.0 560.00 139.00 583.00 211.00 0.0 0.0 0.0 0.0 0.0 0.0 -10.0 0.782
000057 17 Cyclist 0 0 -10.0 592.00 141.00 623.00 235.00 0.0 0.0 0.0 0.0 0.0 0.0 -10.0 0.754
000057 30 Cyclist 0 0 -10.0 273.00 144.00 348.00 318.00 0.0 0.0 0.0 0.0 0.0 0.0 -10.0 0.829
000057 3 Cyclist 0 0 -10.0 619.00 144.00 643.00 210.00 0.0 0.0 0.0 0.0 0.0 0.0 -10.0 0.566
000057 86 Cyclist 0 0 -10.0 815.00 103.00 1006.00 362.00 0.0 0.0 0.0 0.0 0.0 0.0 -10.0 0.874
000057 81 Pedestrian 0 0 -10.0 457.00 143.00 486.00 187.00 0.0 0.0 0.0 0.0 0.0 0.0 -10.0 0.564
000058 18 Cyclist 0 0 -10.0 971.00 123.00 1111.00 364.00 0.0 0.0 0.0 0.0 0.0 0.0 -10.0 0.835
000058 66 Cyclist 0 0 -10.0 529.00 133.00 554.00 213.00 0.0 0.0 0.0 0.0 0.0 0.0 -10.0 0.732
000058 4 Cyclist 0 0 -10.0 561.00 139.00 585.00 213.00 0.0 0.0 0.0 0.0 0.0 0.0 -10.0 0.780
000058 17 Cyclist 0 0 -10.0 596.00 141.00 628.00 237.00 0.0 0.0 0.0 0.0 0.0 0.0 -10.0 0.781
000058 30 Cyclist 0 0 -10.0 257.00 144.00 330.00 315.00 0.0 0.0 0.0 0.0 0.0 0.0 -10.0 0.811
000058 3 Cyclist 0 0 -10.0 621.00 144.00 644.00 209.00 0.0 0.0 0.0 0.0 0.0 0.0 -10.0 0.650
000058 86 Cyclist 0 0 -10.0 843.00 105.00 1035.00 363.00 0.0 0.0 0.0 0.0 0.0 0.0 -10.0 0.883
000058 81 Pedestrian 0 0 -10.0 452.00 144.00 482.00 188.00 0.0 0.0 0.0 0.0 0.0 0.0 -10.0 0.542
000059 18 Cyclist 0 0 -10.0 999.00 125.00 1145.00 364.00 0.0 0.0 0.0 0.0 0.0 0.0 -10.0 0.843
000059 66 Cyclist 0 0 -10.0 531.00 132.00 556.00 214.00 0.0 0.0 0.0 0.0 0.0 0.0 -10.0 0.744
000059 4 Cyclist 0 0 -10.0 562.00 139.00 586.00 213.00 0.0 0.0 0.0 0.0 0.0 0.0 -10.0 0.783
000059 17 Cyclist 0 0 -10.0 599.00 140.00 633.00 239.00 0.0 0.0 0.0 0.0 0.0 0.0 -10.0 0.833
000059 30 Cyclist 0 0 -10.0 244.00 146.00 315.00 313.00 0.0 0.0 0.0 0.0 0.0 0.0 -10.0 0.817
000059 3 Cyclist 0 0 -10.0 624.00 144.00 646.00 206.00 0.0 0.0 0.0 0.0 0.0 0.0 -10.0 0.536
000059 86 Cyclist 0 0 -10.0 873.00 106.00 1066.00 363.00 0.0 0.0 0.0 0.0 0.0 0.0 -10.0 0.887
000059 81 Pedestrian 0 0 -10.0 450.00 144.00 480.00 189.00 0.0 0.0 0.0 0.0 0.0 0.0 -10.0 0.674
000060 18 Cyclist 0 0 -10.0 1028.00 132.00 1178.00 364.00 0.0 0.0 0.0 0.0 0.0 0.0 -10.0 0.811
000060 66 Cyclist 0 0 -10.0 533.00 131.00 558.00 214.00 0.0 0.0 0.0 0.0 0.0 0.0 -10.0 0.754
000060 4 Cyclist 0 0 -10.0 563.00 139.00 587.00 214.00 0.0 0.0 0.0 0.0 0.0 0.0 -10.0 0.791
000060 17 Cyclist 0 0 -10.0 602.00 140.00 637.00 240.00 0.0 0.0 0.0 0.0 0.0 0.0 -10.0 0.760
000060 30 Cyclist 0 0 -10.0 236.00 143.00 305.00 311.00 0.0 0.0 0.0 0.0 0.0 0.0 -10.0 0.744
000060 3 Cyclist 0 0 -10.0 623.00 143.00 646.00 208.00 0.0 0.0 0.0 0.0 0.0 0.0 -10.0 0.459
000060 86 Cyclist 0 0 -10.0 903.00 104.00 1100.00 361.00 0.0 0.0 0.0 0.0 0.0 0.0 -10.0 0.890
000060 81 Pedestrian 0 0 -10.0 448.00 144.00 480.00 189.00 0.0 0.0 0.0 0.0 0.0 0.0 -10.0 0.743
000061 18 Cyclist 0 0 -10.0 1053.00 133.00 1205.00 364.00 0.0 0.0 0.0 0.0 0.0 0.0 -10.0 0.820
000061 66 Cyclist 0 0 -10.0 533.00 131.00 559.00 215.00 0.0 0.0 0.0 0.0 0.0 0.0 -10.0 0.734
000061 4 Cyclist 0 0 -10.0 563.00 139.00 588.00 215.00 0.0 0.0 0.0 0.0 0.0 0.0 -10.0 0.766
000061 17 Cyclist 0 0 -10.0 605.00 139.00 641.00 242.00 0.0 0.0 0.0 0.0 0.0 0.0 -10.0 0.781
000061 30 Cyclist 0 0 -10.0 226.00 143.00 294.00 309.00 0.0 0.0 0.0 0.0 0.0 0.0 -10.0 0.567
000061 3 Cyclist 0 0 -10.0 626.00 143.00 650.00 209.00 0.0 0.0 0.0 0.0 0.0 0.0 -10.0 0.239
000061 86 Cyclist 0 0 -10.0 930.00 97.00 1136.00 363.00 0.0 0.0 0.0 0.0 0.0 0.0 -10.0 0.912
000061 81 Pedestrian 0 0 -10.0 445.00 142.00 479.00 189.00 0.0 0.0 0.0 0.0 0.0 0.0 -10.0 0.665
000062 18 Cyclist 0 0 -10.0 1068.00 125.00 1224.00 363.00 0.0 0.0 0.0 0.0 0.0 0.0 -10.0 0.727
000062 66 Cyclist 0 0 -10.0 535.00 131.00 561.00 217.00 0.0 0.0 0.0 0.0 0.0 0.0 -10.0 0.749
000062 4 Cyclist 0 0 -10.0 564.00 140.00 589.00 216.00 0.0 0.0 0.0 0.0 0.0 0.0 -10.0 0.774
000062 17 Cyclist 0 0 -10.0 608.00 140.00 644.00 244.00 0.0 0.0 0.0 0.0 0.0 0.0 -10.0 0.781
000062 30 Cyclist 0 0 -10.0 214.00 143.00 280.00 306.00 0.0 0.0 0.0 0.0 0.0 0.0 -10.0 0.125
000062 3 Cyclist 0 0 -10.0 629.00 144.00 653.00 210.00 0.0 0.0 0.0 0.0 0.0 0.0 -10.0 0.213
000062 86 Cyclist 0 0 -10.0 958.00 98.00 1166.00 363.00 0.0 0.0 0.0 0.0 0.0 0.0 -10.0 0.896
000062 81 Pedestrian 0 0 -10.0 441.00 142.00 476.00 189.00 0.0 0.0 0.0 0.0 0.0 0.0 -10.0 0.606
000063 18 Cyclist 0 0 -10.0 1086.00 115.00 1224.00 362.00 0.0 0.0 0.0 0.0 0.0 0.0 -10.0 0.499
000063 66 Cyclist 0 0 -10.0 535.00 131.00 562.00 217.00 0.0 0.0 0.0 0.0 0.0 0.0 -10.0 0.751
000063 4 Cyclist 0 0 -10.0 565.00 140.00 591.00 217.00 0.0 0.0 0.0 0.0 0.0 0.0 -10.0 0.776
000063 17 Cyclist 0 0 -10.0 611.00 140.00 648.00 245.00 0.0 0.0 0.0 0.0 0.0 0.0 -10.0 0.802
000063 3 Cyclist 0 0 -10.0 631.00 144.00 655.00 212.00 0.0 0.0 0.0 0.0 0.0 0.0 -10.0 0.103
000063 86 Cyclist 0 0 -10.0 989.00 102.00 1197.00 363.00 0.0 0.0 0.0 0.0 0.0 0.0 -10.0 0.876
000063 81 Pedestrian 0 0 -10.0 438.00 143.00 473.00 191.00 0.0 0.0 0.0 0.0 0.0 0.0 -10.0 0.583
000064 66 Cyclist 0 0 -10.0 535.00 131.00 563.00 218.00 0.0 0.0 0.0 0.0 0.0 0.0 -10.0 0.764
000064 4 Cyclist 0 0 -10.0 566.00 138.00 593.00 218.00 0.0 0.0 0.0 0.0 0.0 0.0 -10.0 0.771
000064 17 Cyclist 0 0 -10.0 617.00 139.00 654.00 245.00 0.0 0.0 0.0 0.0 0.0 0.0 -10.0 0.821
000064 86 Cyclist 0 0 -10.0 1013.00 102.00 1223.00 363.00 0.0 0.0 0.0 0.0 0.0 0.0 -10.0 0.891
000064 81 Pedestrian 0 0 -10.0 433.00 143.00 470.00 192.00 0.0 0.0 0.0 0.0 0.0 0.0 -10.0 0.625
000065 66 Cyclist 0 0 -10.0 535.00 130.00 563.00 218.00 0.0 0.0 0.0 0.0 0.0 0.0 -10.0 0.761
000065 4 Cyclist 0 0 -10.0 569.00 139.00 595.00 217.00 0.0 0.0 0.0 0.0 0.0 0.0 -10.0 0.741
000065 17 Cyclist 0 0 -10.0 621.00 140.00 659.00 246.00 0.0 0.0 0.0 0.0 0.0 0.0 -10.0 0.813
000065 86 Cyclist 0 0 -10.0 1034.00 100.00 1224.00 362.00 0.0 0.0 0.0 0.0 0.0 0.0 -10.0 0.825
000065 81 Pedestrian 0 0 -10.0 430.00 143.00 467.00 192.00 0.0 0.0 0.0 0.0 0.0 0.0 -10.0 0.708
000066 66 Cyclist 0 0 -10.0 537.00 130.00 565.00 218.00 0.0 0.0 0.0 0.0 0.0 0.0 -10.0 0.702
000066 4 Cyclist 0 0 -10.0 571.00 139.00 597.00 217.00 0.0 0.0 0.0 0.0 0.0 0.0 -10.0 0.778
000066 17 Cyclist 0 0 -10.0 625.00 140.00 664.00 248.00 0.0 0.0 0.0 0.0 0.0 0.0 -10.0 0.792
000066 86 Cyclist 0 0 -10.0 1052.00 93.00 1224.00 362.00 0.0 0.0 0.0 0.0 0.0 0.0 -10.0 0.677
000066 81 Pedestrian 0 0 -10.0 427.00 143.00 464.00 192.00 0.0 0.0 0.0 0.0 0.0 0.0 -10.0 0.762
000067 66 Cyclist 0 0 -10.0 539.00 131.00 566.00 218.00 0.0 0.0 0.0 0.0 0.0 0.0 -10.0 0.714
000067 4 Cyclist 0 0 -10.0 573.00 139.00 600.00 218.00 0.0 0.0 0.0 0.0 0.0 0.0 -10.0 0.775
000067 17 Cyclist 0 0 -10.0 629.00 141.00 668.00 250.00 0.0 0.0 0.0 0.0 0.0 0.0 -10.0 0.784
000067 81 Pedestrian 0 0 -10.0 423.00 143.00 460.00 192.00 0.0 0.0 0.0 0.0 0.0 0.0 -10.0 0.641
000068 66 Cyclist 0 0 -10.0 539.00 132.00 567.00 220.00 0.0 0.0 0.0 0.0 0.0 0.0 -10.0 0.747
000068 4 Cyclist 0 0 -10.0 575.00 138.00 603.00 219.00 0.0 0.0 0.0 0.0 0.0 0.0 -10.0 0.814
000068 17 Cyclist 0 0 -10.0 635.00 141.00 674.00 251.00 0.0 0.0 0.0 0.0 0.0 0.0 -10.0 0.840
000068 81 Pedestrian 0 0 -10.0 421.00 144.00 456.00 190.00 0.0 0.0 0.0 0.0 0.0 0.0 -10.0 0.568
000069 66 Cyclist 0 0 -10.0 540.00 131.00 568.00 221.00 0.0 0.0 0.0 0.0 0.0 0.0 -10.0 0.744
000069 4 Cyclist 0 0 -10.0 577.00 137.00 605.00 219.00 0.0 0.0 0.0 0.0 0.0 0.0 -10.0 0.810
000069 17 Cyclist 0 0 -10.0 638.00 140.00 679.00 253.00 0.0 0.0 0.0 0.0 0.0 0.0 -10.0 0.831
000069 81 Pedestrian 0 0 -10.0 418.00 144.00 454.00 190.00 0.0 0.0 0.0 0.0 0.0 0.0 -10.0 0.584
000070 66 Cyclist 0 0 -10.0 541.00 131.00 569.00 221.00 0.0 0.0 0.0 0.0 0.0 0.0 -10.0 0.744
000070 4 Cyclist 0 0 -10.0 580.00 138.00 608.00 221.00 0.0 0.0 0.0 0.0 0.0 0.0 -10.0 0.795
000070 17 Cyclist 0 0 -10.0 643.00 140.00 685.00 255.00 0.0 0.0 0.0 0.0 0.0 0.0 -10.0 0.810
000070 81 Pedestrian 0 0 -10.0 416.00 143.00 452.00 190.00 0.0 0.0 0.0 0.0 0.0 0.0 -10.0 0.566
000071 66 Cyclist 0 0 -10.0 541.00 130.00 570.00 222.00 0.0 0.0 0.0 0.0 0.0 0.0 -10.0 0.769
000071 4 Cyclist 0 0 -10.0 582.00 139.00 611.00 222.00 0.0 0.0 0.0 0.0 0.0 0.0 -10.0 0.810
000071 17 Cyclist 0 0 -10.0 649.00 141.00 692.00 257.00 0.0 0.0 0.0 0.0 0.0 0.0 -10.0 0.824
000071 81 Pedestrian 0 0 -10.0 412.00 143.00 449.00 190.00 0.0 0.0 0.0 0.0 0.0 0.0 -10.0 0.516
000071 3 Cyclist 0 0 -10.0 645.00 143.00 673.00 220.00 0.0 0.0 0.0 0.0 0.0 0.0 -10.0 0.477
000072 66 Cyclist 0 0 -10.0 542.00 130.00 571.00 223.00 0.0 0.0 0.0 0.0 0.0 0.0 -10.0 0.761
000072 4 Cyclist 0 0 -10.0 585.00 140.00 614.00 222.00 0.0 0.0 0.0 0.0 0.0 0.0 -10.0 0.813
000072 17 Cyclist 0 0 -10.0 654.00 142.00 697.00 259.00 0.0 0.0 0.0 0.0 0.0 0.0 -10.0 0.794
000072 81 Pedestrian 0 0 -10.0 410.00 144.00 447.00 189.00 0.0 0.0 0.0 0.0 0.0 0.0 -10.0 0.405
000072 3 Cyclist 0 0 -10.0 644.00 144.00 671.00 218.00 0.0 0.0 0.0 0.0 0.0 0.0 -10.0 0.672
000073 66 Cyclist 0 0 -10.0 543.00 131.00 572.00 224.00 0.0 0.0 0.0 0.0 0.0 0.0 -10.0 0.765
000073 4 Cyclist 0 0 -10.0 588.00 139.00 617.00 222.00 0.0 0.0 0.0 0.0 0.0 0.0 -10.0 0.807
000073 17 Cyclist 0 0 -10.0 660.00 142.00 704.00 261.00 0.0 0.0 0.0 0.0 0.0 0.0 -10.0 0.800
000073 81 Pedestrian 0 0 -10.0 408.00 143.00 445.00 188.00 0.0 0.0 0.0 0.0 0.0 0.0 -10.0 0.299
000073 3 Cyclist 0 0 -10.0 647.00 145.00 673.00 219.00 0.0 0.0 0.0 0.0 0.0 0.0 -10.0 0.704
000074 66 Cyclist 0 0 -10.0 543.00 130.00 573.00 225.00 0.0 0.0 0.0 0.0 0.0 0.0 -10.0 0.776
000074 4 Cyclist 0 0 -10.0 590.00 139.00 619.00 223.00 0.0 0.0 0.0 0.0 0.0 0.0 -10.0 0.781
000074 17 Cyclist 0 0 -10.0 667.00 141.00 712.00 262.00 0.0 0.0 0.0 0.0 0.0 0.0 -10.0 0.815
000074 81 Pedestrian 0 0 -10.0 407.00 143.00 444.00 188.00 0.0 0.0 0.0 0.0 0.0 0.0 -10.0 0.241
000074 3 Cyclist 0 0 -10.0 649.00 146.00 676.00 220.00 0.0 0.0 0.0 0.0 0.0 0.0 -10.0 0.725
000075 66 Cyclist 0 0 -10.0 543.00 129.00 574.00 226.00 0.0 0.0 0.0 0.0 0.0 0.0 -10.0 0.796
000075 4 Cyclist 0 0 -10.0 594.00 140.00 623.00 224.00 0.0 0.0 0.0 0.0 0.0 0.0 -10.0 0.821
000075 17 Cyclist 0 0 -10.0 674.00 142.00 719.00 264.00 0.0 0.0 0.0 0.0 0.0 0.0 -10.0 0.840
000075 81 Pedestrian 0 0 -10.0 407.00 144.00 444.00 187.00 0.0 0.0 0.0 0.0 0.0 0.0 -10.0 0.337
000075 3 Cyclist 0 0 -10.0 652.00 148.00 678.00 222.00 0.0 0.0 0.0 0.0 0.0 0.0 -10.0 0.772
000076 66 Cyclist 0 0 -10.0 545.00 126.00 577.00 228.00 0.0 0.0 0.0 0.0 0.0 0.0 -10.0 0.802
000076 4 Cyclist 0 0 -10.0 596.00 141.00 626.00 225.00 0.0 0.0 0.0 0.0 0.0 0.0 -10.0 0.826
000076 17 Cyclist 0 0 -10.0 680.00 143.00 727.00 267.00 0.0 0.0 0.0 0.0 0.0 0.0 -10.0 0.835
000076 81 Pedestrian 0 0 -10.0 406.00 145.00 441.00 187.00 0.0 0.0 0.0 0.0 0.0 0.0 -10.0 0.268
000076 3 Cyclist 0 0 -10.0 654.00 147.00 682.00 223.00 0.0 0.0 0.0 0.0 0.0 0.0 -10.0 0.800
000077 66 Cyclist 0 0 -10.0 546.00 126.00 579.00 229.00 0.0 0.0 0.0 0.0 0.0 0.0 -10.0 0.778
000077 4 Cyclist 0 0 -10.0 600.00 141.00 631.00 226.00 0.0 0.0 0.0 0.0 0.0 0.0 -10.0 0.808
000077 17 Cyclist 0 0 -10.0 685.00 142.00 733.00 268.00 0.0 0.0 0.0 0.0 0.0 0.0 -10.0 0.866
000077 81 Pedestrian 0 0 -10.0 405.00 144.00 440.00 186.00 0.0 0.0 0.0 0.0 0.0 0.0 -10.0 0.124
000077 3 Cyclist 0 0 -10.0 658.00 146.00 686.00 224.00 0.0 0.0 0.0 0.0 0.0 0.0 -10.0 0.785
000078 66 Cyclist 0 0 -10.0 547.00 126.00 580.00 229.00 0.0 0.0 0.0 0.0 0.0 0.0 -10.0 0.779
000078 4 Cyclist 0 0 -10.0 603.00 141.00 634.00 227.00 0.0 0.0 0.0 0.0 0.0 0.0 -10.0 0.813
000078 17 Cyclist 0 0 -10.0 693.00 141.00 741.00 270.00 0.0 0.0 0.0 0.0 0.0 0.0 -10.0 0.849
000078 3 Cyclist 0 0 -10.0 661.00 146.00 689.00 223.00 0.0 0.0 0.0 0.0 0.0 0.0 -10.0 0.769
000079 66 Cyclist 0 0 -10.0 549.00 126.00 582.00 231.00 0.0 0.0 0.0 0.0 0.0 0.0 -10.0 0.782
000079 4 Cyclist 0 0 -10.0 605.00 141.00 637.00 228.00 0.0 0.0 0.0 0.0 0.0 0.0 -10.0 0.809
000079 17 Cyclist 0 0 -10.0 698.00 141.00 748.00 273.00 0.0 0.0 0.0 0.0 0.0 0.0 -10.0 0.819
000079 3 Cyclist 0 0 -10.0 663.00 146.00 691.00 224.00 0.0 0.0 0.0 0.0 0.0 0.0 -10.0 0.795
000080 66 Cyclist 0 0 -10.0 551.00 128.00 584.00 232.00 0.0 0.0 0.0 0.0 0.0 0.0 -10.0 0.777
000080 4 Cyclist 0 0 -10.0 607.00 141.00 639.00 229.00 0.0 0.0 0.0 0.0 0.0 0.0 -10.0 0.806
000080 17 Cyclist 0 0 -10.0 705.00 143.00 755.00 277.00 0.0 0.0 0.0 0.0 0.0 0.0 -10.0 0.827
000080 3 Cyclist 0 0 -10.0 665.00 147.00 693.00 224.00 0.0 0.0 0.0 0.0 0.0 0.0 -10.0 0.809
000081 66 Cyclist 0 0 -10.0 552.00 128.00 585.00 233.00 0.0 0.0 0.0 0.0 0.0 0.0 -10.0 0.760
000081 4 Cyclist 0 0 -10.0 609.00 141.00 642.00 230.00 0.0 0.0 0.0 0.0 0.0 0.0 -10.0 0.828
000081 17 Cyclist 0 0 -10.0 711.00 143.00 762.00 278.00 0.0 0.0 0.0 0.0 0.0 0.0 -10.0 0.840
000081 3 Cyclist 0 0 -10.0 667.00 147.00 696.00 225.00 0.0 0.0 0.0 0.0 0.0 0.0 -10.0 0.804
000082 66 Cyclist 0 0 -10.0 552.00 127.00 586.00 234.00 0.0 0.0 0.0 0.0 0.0 0.0 -10.0 0.749
000082 4 Cyclist 0 0 -10.0 611.00 141.00 645.00 232.00 0.0 0.0 0.0 0.0 0.0 0.0 -10.0 0.843
000082 17 Cyclist 0 0 -10.0 717.00 144.00 769.00 282.00 0.0 0.0 0.0 0.0 0.0 0.0 -10.0 0.844
000082 3 Cyclist 0 0 -10.0 670.00 146.00 700.00 226.00 0.0 0.0 0.0 0.0 0.0 0.0 -10.0 0.806
000083 66 Cyclist 0 0 -10.0 553.00 128.00 587.00 236.00 0.0 0.0 0.0 0.0 0.0 0.0 -10.0 0.793
000083 4 Cyclist 0 0 -10.0 613.00 141.00 648.00 233.00 0.0 0.0 0.0 0.0 0.0 0.0 -10.0 0.839
000083 17 Cyclist 0 0 -10.0 724.00 143.00 778.00 284.00 0.0 0.0 0.0 0.0 0.0 0.0 -10.0 0.831
000083 3 Cyclist 0 0 -10.0 673.00 146.00 704.00 228.00 0.0 0.0 0.0 0.0 0.0 0.0 -10.0 0.775
000084 66 Cyclist 0 0 -10.0 554.00 128.00 589.00 236.00 0.0 0.0 0.0 0.0 0.0 0.0 -10.0 0.779
000084 4 Cyclist 0 0 -10.0 616.00 140.00 651.00 233.00 0.0 0.0 0.0 0.0 0.0 0.0 -10.0 0.789
000084 17 Cyclist 0 0 -10.0 733.00 144.00 788.00 288.00 0.0 0.0 0.0 0.0 0.0 0.0 -10.0 0.825
000084 3 Cyclist 0 0 -10.0 675.00 147.00 706.00 229.00 0.0 0.0 0.0 0.0 0.0 0.0 -10.0 0.780
000085 66 Cyclist 0 0 -10.0 557.00 128.00 593.00 237.00 0.0 0.0 0.0 0.0 0.0 0.0 -10.0 0.809
000085 4 Cyclist 0 0 -10.0 618.00 141.00 654.00 235.00 0.0 0.0 0.0 0.0 0.0 0.0 -10.0 0.823
000085 17 Cyclist 0 0 -10.0 742.00 144.00 797.00 289.00 0.0 0.0 0.0 0.0 0.0 0.0 -10.0 0.830
000085 3 Cyclist 0 0 -10.0 678.00 148.00 709.00 230.00 0.0 0.0 0.0 0.0 0.0 0.0 -10.0 0.764
000086 66 Cyclist 0 0 -10.0 559.00 127.00 596.00 239.00 0.0 0.0 0.0 0.0 0.0 0.0 -10.0 0.811
000086 4 Cyclist 0 0 -10.0 621.00 141.00 658.00 237.00 0.0 0.0 0.0 0.0 0.0 0.0 -10.0 0.812
000086 17 Cyclist 0 0 -10.0 748.00 146.00 805.00 293.00 0.0 0.0 0.0 0.0 0.0 0.0 -10.0 0.854
000086 3 Cyclist 0 0 -10.0 680.00 146.00 713.00 230.00 0.0 0.0 0.0 0.0 0.0 0.0 -10.0 0.784
000086 81 Pedestrian 0 0 -10.0 392.00 142.00 433.00 190.00 0.0 0.0 0.0 0.0 0.0 0.0 -10.0 0.454
000087 66 Cyclist 0 0 -10.0 563.00 126.00 600.00 240.00 0.0 0.0 0.0 0.0 0.0 0.0 -10.0 0.800
000087 4 Cyclist 0 0 -10.0 623.00 141.00 661.00 238.00 0.0 0.0 0.0 0.0 0.0 0.0 -10.0 0.842
000087 17 Cyclist 0 0 -10.0 755.00 147.00 813.00 297.00 0.0 0.0 0.0 0.0 0.0 0.0 -10.0 0.829
000087 3 Cyclist 0 0 -10.0 683.00 146.00 716.00 231.00 0.0 0.0 0.0 0.0 0.0 0.0 -10.0 0.786
000087 81 Pedestrian 0 0 -10.0 392.00 141.00 433.00 189.00 0.0 0.0 0.0 0.0 0.0 0.0 -10.0 0.262
000088 66 Cyclist 0 0 -10.0 565.00 127.00 602.00 240.00 0.0 0.0 0.0 0.0 0.0 0.0 -10.0 0.755
000088 4 Cyclist 0 0 -10.0 625.00 140.00 663.00 239.00 0.0 0.0 0.0 0.0 0.0 0.0 -10.0 0.851
000088 17 Cyclist 0 0 -10.0 764.00 145.00 824.00 299.00 0.0 0.0 0.0 0.0 0.0 0.0 -10.0 0.827
000088 3 Cyclist 0 0 -10.0 686.00 147.00 720.00 233.00 0.0 0.0 0.0 0.0 0.0 0.0 -10.0 0.796
000089 66 Cyclist 0 0 -10.0 569.00 129.00 606.00 241.00 0.0 0.0 0.0 0.0 0.0 0.0 -10.0 0.774
000089 4 Cyclist 0 0 -10.0 626.00 141.00 664.00 240.00 0.0 0.0 0.0 0.0 0.0 0.0 -10.0 0.830
000089 17 Cyclist 0 0 -10.0 772.00 145.00 833.00 304.00 0.0 0.0 0.0 0.0 0.0 0.0 -10.0 0.808
000089 3 Cyclist 0 0 -10.0 689.00 147.00 724.00 235.00 0.0 0.0 0.0 0.0 0.0 0.0 -10.0 0.814
000090 66 Cyclist 0 0 -10.0 571.00 128.00 609.00 244.00 0.0 0.0 0.0 0.0 0.0 0.0 -10.0 0.794
000090 4 Cyclist 0 0 -10.0 627.00 142.00 666.00 242.00 0.0 0.0 0.0 0.0 0.0 0.0 -10.0 0.822
000090 17 Cyclist 0 0 -10.0 781.00 145.00 843.00 306.00 0.0 0.0 0.0 0.0 0.0 0.0 -10.0 0.819
000090 3 Cyclist 0 0 -10.0 693.00 147.00 728.00 236.00 0.0 0.0 0.0 0.0 0.0 0.0 -10.0 0.803
000091 66 Cyclist 0 0 -10.0 574.00 128.00 613.00 244.00 0.0 0.0 0.0 0.0 0.0 0.0 -10.0 0.812
000091 4 Cyclist 0 0 -10.0 627.00 142.00 667.00 244.00 0.0 0.0 0.0 0.0 0.0 0.0 -10.0 0.817
000091 17 Cyclist 0 0 -10.0 788.00 145.00 854.00 315.00 0.0 0.0 0.0 0.0 0.0 0.0 -10.0 0.851
000091 3 Cyclist 0 0 -10.0 696.00 146.00 732.00 238.00 0.0 0.0 0.0 0.0 0.0 0.0 -10.0 0.801
000092 66 Cyclist 0 0 -10.0 575.00 127.00 615.00 247.00 0.0 0.0 0.0 0.0 0.0 0.0 -10.0 0.812
000092 4 Cyclist 0 0 -10.0 628.00 140.00 669.00 246.00 0.0 0.0 0.0 0.0 0.0 0.0 -10.0 0.813
000092 17 Cyclist 0 0 -10.0 798.00 145.00 866.00 321.00 0.0 0.0 0.0 0.0 0.0 0.0 -10.0 0.835
000092 3 Cyclist 0 0 -10.0 699.00 146.00 736.00 239.00 0.0 0.0 0.0 0.0 0.0 0.0 -10.0 0.809
000093 66 Cyclist 0 0 -10.0 577.00 127.00 618.00 248.00 0.0 0.0 0.0 0.0 0.0 0.0 -10.0 0.798
000093 4 Cyclist 0 0 -10.0 629.00 140.00 672.00 248.00 0.0 0.0 0.0 0.0 0.0 0.0 -10.0 0.824
000093 17 Cyclist 0 0 -10.0 810.00 143.00 880.00 322.00 0.0 0.0 0.0 0.0 0.0 0.0 -10.0 0.807
000093 3 Cyclist 0 0 -10.0 705.00 148.00 741.00 239.00 0.0 0.0 0.0 0.0 0.0 0.0 -10.0 0.790
000094 66 Cyclist 0 0 -10.0 579.00 127.00 620.00 250.00 0.0 0.0 0.0 0.0 0.0 0.0 -10.0 0.803
000094 4 Cyclist 0 0 -10.0 632.00 141.00 674.00 249.00 0.0 0.0 0.0 0.0 0.0 0.0 -10.0 0.830
000094 17 Cyclist 0 0 -10.0 824.00 143.00 895.00 325.00 0.0 0.0 0.0 0.0 0.0 0.0 -10.0 0.837
000094 3 Cyclist 0 0 -10.0 708.00 147.00 745.00 241.00 0.0 0.0 0.0 0.0 0.0 0.0 -10.0 0.775
000095 66 Cyclist 0 0 -10.0 582.00 129.00 623.00 252.00 0.0 0.0 0.0 0.0 0.0 0.0 -10.0 0.842
000095 4 Cyclist 0 0 -10.0 634.00 140.00 677.00 252.00 0.0 0.0 0.0 0.0 0.0 0.0 -10.0 0.840
000095 17 Cyclist 0 0 -10.0 838.00 145.00 912.00 330.00 0.0 0.0 0.0 0.0 0.0 0.0 -10.0 0.839
000095 3 Cyclist 0 0 -10.0 712.00 146.00 751.00 242.00 0.0 0.0 0.0 0.0 0.0 0.0 -10.0 0.813
000096 66 Cyclist 0 0 -10.0 583.00 129.00 626.00 255.00 0.0 0.0 0.0 0.0 0.0 0.0 -10.0 0.842
000096 4 Cyclist 0 0 -10.0 636.00 141.00 680.00 254.00 0.0 0.0 0.0 0.0 0.0 0.0 -10.0 0.854
000096 17 Cyclist 0 0 -10.0 849.00 146.00 926.00 337.00 0.0 0.0 0.0 0.0 0.0 0.0 -10.0 0.825
000096 3 Cyclist 0 0 -10.0 716.00 146.00 755.00 244.00 0.0 0.0 0.0 0.0 0.0 0.0 -10.0 0.806
000097 66 Cyclist 0 0 -10.0 586.00 127.00 630.00 256.00 0.0 0.0 0.0 0.0 0.0 0.0 -10.0 0.829
000097 4 Cyclist 0 0 -10.0 638.00 141.00 683.00 255.00 0.0 0.0 0.0 0.0 0.0 0.0 -10.0 0.843
000097 17 Cyclist 0 0 -10.0 862.00 146.00 941.00 340.00 0.0 0.0 0.0 0.0 0.0 0.0 -10.0 0.822
000097 3 Cyclist 0 0 -10.0 721.00 147.00 760.00 244.00 0.0 0.0 0.0 0.0 0.0 0.0 -10.0 0.790
000098 66 Cyclist 0 0 -10.0 590.00 127.00 634.00 257.00 0.0 0.0 0.0 0.0 0.0 0.0 -10.0 0.757
000098 4 Cyclist 0 0 -10.0 640.00 141.00 685.00 255.00 0.0 0.0 0.0 0.0 0.0 0.0 -10.0 0.834
000098 17 Cyclist 0 0 -10.0 877.00 143.00 958.00 344.00 0.0 0.0 0.0 0.0 0.0 0.0 -10.0 0.796
000098 3 Cyclist 0 0 -10.0 725.00 148.00 765.00 245.00 0.0 0.0 0.0 0.0 0.0 0.0 -10.0 0.805
000099 66 Cyclist 0 0 -10.0 594.00 127.00 639.00 258.00 0.0 0.0 0.0 0.0 0.0 0.0 -10.0 0.781
000099 4 Cyclist 0 0 -10.0 643.00 141.00 688.00 256.00 0.0 0.0 0.0 0.0 0.0 0.0 -10.0 0.825
000099 17 Cyclist 0 0 -10.0 893.00 143.00 975.00 349.00 0.0 0.0 0.0 0.0 0.0 0.0 -10.0 0.797
000099 3 Cyclist 0 0 -10.0 730.00 148.00 770.00 247.00 0.0 0.0 0.0 0.0 0.0 0.0 -10.0 0.803
000100 66 Cyclist 0 0 -10.0 598.00 129.00 643.00 260.00 0.0 0.0 0.0 0.0 0.0 0.0 -10.0 0.829
000100 4 Cyclist 0 0 -10.0 646.00 143.00 691.00 259.00 0.0 0.0 0.0 0.0 0.0 0.0 -10.0 0.821
000100 17 Cyclist 0 0 -10.0 909.00 143.00 995.00 354.00 0.0 0.0 0.0 0.0 0.0 0.0 -10.0 0.823
000100 3 Cyclist 0 0 -10.0 733.00 148.00 774.00 248.00 0.0 0.0 0.0 0.0 0.0 0.0 -10.0 0.787
000100 111 Pedestrian 0 0 -10.0 356.00 143.00 402.00 193.00 0.0 0.0 0.0 0.0 0.0 0.0 -10.0 0.454
000101 66 Cyclist 0 0 -10.0 601.00 129.00 646.00 261.00 0.0 0.0 0.0 0.0 0.0 0.0 -10.0 0.809
000101 4 Cyclist 0 0 -10.0 648.00 143.00 694.00 262.00 0.0 0.0 0.0 0.0 0.0 0.0 -10.0 0.841
000101 17 Cyclist 0 0 -10.0 922.00 142.00 1012.00 359.00 0.0 0.0 0.0 0.0 0.0 0.0 -10.0 0.830
000101 3 Cyclist 0 0 -10.0 738.00 148.00 779.00 249.00 0.0 0.0 0.0 0.0 0.0 0.0 -10.0 0.802
000101 111 Pedestrian 0 0 -10.0 354.00 142.00 401.00 193.00 0.0 0.0 0.0 0.0 0.0 0.0 -10.0 0.225
000102 66 Cyclist 0 0 -10.0 605.00 129.00 651.00 265.00 0.0 0.0 0.0 0.0 0.0 0.0 -10.0 0.797
000102 4 Cyclist 0 0 -10.0 651.00 142.00 699.00 264.00 0.0 0.0 0.0 0.0 0.0 0.0 -10.0 0.819
000102 17 Cyclist 0 0 -10.0 940.00 140.00 1033.00 363.00 0.0 0.0 0.0 0.0 0.0 0.0 -10.0 0.804
000102 3 Cyclist 0 0 -10.0 743.00 147.00 785.00 251.00 0.0 0.0 0.0 0.0 0.0 0.0 -10.0 0.808
000102 111 Pedestrian 0 0 -10.0 354.00 145.00 398.00 193.00 0.0 0.0 0.0 0.0 0.0 0.0 -10.0 0.175
000103 66 Cyclist 0 0 -10.0 606.00 129.00 653.00 268.00 0.0 0.0 0.0 0.0 0.0 0.0 -10.0 0.801
000103 4 Cyclist 0 0 -10.0 656.00 143.00 704.00 267.00 0.0 0.0 0.0 0.0 0.0 0.0 -10.0 0.835
000103 17 Cyclist 0 0 -10.0 963.00 138.00 1057.00 366.00 0.0 0.0 0.0 0.0 0.0 0.0 -10.0 0.776
000103 3 Cyclist 0 0 -10.0 749.00 148.00 792.00 252.00 0.0 0.0 0.0 0.0 0.0 0.0 -10.0 0.782
000103 111 Pedestrian 0 0 -10.0 353.00 146.00 396.00 193.00 0.0 0.0 0.0 0.0 0.0 0.0 -10.0 0.150
000104 66 Cyclist 0 0 -10.0 608.00 129.00 657.00 271.00 0.0 0.0 0.0 0.0 0.0 0.0 -10.0 0.800
000104 4 Cyclist 0 0 -10.0 661.00 143.00 710.00 270.00 0.0 0.0 0.0 0.0 0.0 0.0 -10.0 0.830
000104 17 Cyclist 0 0 -10.0 986.00 137.00 1080.00 366.00 0.0 0.0 0.0 0.0 0.0 0.0 -10.0 0.815
000104 3 Cyclist 0 0 -10.0 753.00 148.00 796.00 253.00 0.0 0.0 0.0 0.0 0.0 0.0 -10.0 0.780
000104 111 Pedestrian 0 0 -10.0 347.00 143.00 392.00 191.00 0.0 0.0 0.0 0.0 0.0 0.0 -10.0 0.167
000105 66 Cyclist 0 0 -10.0 610.00 129.00 659.00 274.00 0.0 0.0 0.0 0.0 0.0 0.0 -10.0 0.830
000105 4 Cyclist 0 0 -10.0 665.00 145.00 714.00 272.00 0.0 0.0 0.0 0.0 0.0 0.0 -10.0 0.845
000105 17 Cyclist 0 0 -10.0 1008.00 137.00 1104.00 365.00 0.0 0.0 0.0 0.0 0.0 0.0 -10.0 0.801
000105 3 Cyclist 0 0 -10.0 758.00 148.00 802.00 254.00 0.0 0.0 0.0 0.0 0.0 0.0 -10.0 0.805
000106 66 Cyclist 0 0 -10.0 611.00 129.00 662.00 277.00 0.0 0.0 0.0 0.0 0.0 0.0 -10.0 0.813
000106 4 Cyclist 0 0 -10.0 669.00 146.00 719.00 274.00 0.0 0.0 0.0 0.0 0.0 0.0 -10.0 0.830
000106 17 Cyclist 0 0 -10.0 1027.00 135.00 1127.00 367.00 0.0 0.0 0.0 0.0 0.0 0.0 -10.0 0.799
000106 3 Cyclist 0 0 -10.0 764.00 149.00 808.00 255.00 0.0 0.0 0.0 0.0 0.0 0.0 -10.0 0.800
000107 66 Cyclist 0 0 -10.0 612.00 129.00 664.00 280.00 0.0 0.0 0.0 0.0 0.0 0.0 -10.0 0.806
000107 4 Cyclist 0 0 -10.0 673.00 146.00 723.00 276.00 0.0 0.0 0.0 0.0 0.0 0.0 -10.0 0.832
000107 17 Cyclist 0 0 -10.0 1049.00 135.00 1151.00 367.00 0.0 0.0 0.0 0.0 0.0 0.0 -10.0 0.756
000107 3 Cyclist 0 0 -10.0 770.00 148.00 815.00 258.00 0.0 0.0 0.0 0.0 0.0 0.0 -10.0 0.845
000108 66 Cyclist 0 0 -10.0 613.00 128.00 666.00 283.00 0.0 0.0 0.0 0.0 0.0 0.0 -10.0 0.807
000108 4 Cyclist 0 0 -10.0 676.00 145.00 728.00 280.00 0.0 0.0 0.0 0.0 0.0 0.0 -10.0 0.835
000108 17 Cyclist 0 0 -10.0 1075.00 135.00 1175.00 365.00 0.0 0.0 0.0 0.0 0.0 0.0 -10.0 0.717
000108 3 Cyclist 0 0 -10.0 775.00 149.00 821.00 261.00 0.0 0.0 0.0 0.0 0.0 0.0 -10.0 0.801
000109 66 Cyclist 0 0 -10.0 616.00 128.00 670.00 285.00 0.0 0.0 0.0 0.0 0.0 0.0 -10.0 0.809
000109 4 Cyclist 0 0 -10.0 680.00 146.00 733.00 283.00 0.0 0.0 0.0 0.0 0.0 0.0 -10.0 0.856
000109 17 Cyclist 0 0 -10.0 1096.00 137.00 1199.00 365.00 0.0 0.0 0.0 0.0 0.0 0.0 -10.0 0.756
000109 3 Cyclist 0 0 -10.0 780.00 149.00 827.00 263.00 0.0 0.0 0.0 0.0 0.0 0.0 -10.0 0.813
000110 66 Cyclist 0 0 -10.0 620.00 130.00 674.00 288.00 0.0 0.0 0.0 0.0 0.0 0.0 -10.0 0.832
000110 4 Cyclist 0 0 -10.0 683.00 146.00 737.00 286.00 0.0 0.0 0.0 0.0 0.0 0.0 -10.0 0.861
000110 17 Cyclist 0 0 -10.0 1109.00 140.00 1214.00 364.00 0.0 0.0 0.0 0.0 0.0 0.0 -10.0 0.748
000110 3 Cyclist 0 0 -10.0 785.00 148.00 833.00 264.00 0.0 0.0 0.0 0.0 0.0 0.0 -10.0 0.822
000111 66 Cyclist 0 0 -10.0 624.00 132.00 678.00 290.00 0.0 0.0 0.0 0.0 0.0 0.0 -10.0 0.846
000111 4 Cyclist 0 0 -10.0 687.00 145.00 742.00 287.00 0.0 0.0 0.0 0.0 0.0 0.0 -10.0 0.843
000111 17 Cyclist 0 0 -10.0 1122.00 143.00 1224.00 364.00 0.0 0.0 0.0 0.0 0.0 0.0 -10.0 0.578
000111 3 Cyclist 0 0 -10.0 791.00 148.00 839.00 264.00 0.0 0.0 0.0 0.0 0.0 0.0 -10.0 0.822
000112 66 Cyclist 0 0 -10.0 628.00 131.00 683.00 293.00 0.0 0.0 0.0 0.0 0.0 0.0 -10.0 0.814
000112 4 Cyclist 0 0 -10.0 692.00 145.00 748.00 290.00 0.0 0.0 0.0 0.0 0.0 0.0 -10.0 0.857
000112 3 Cyclist 0 0 -10.0 796.00 148.00 846.00 267.00 0.0 0.0 0.0 0.0 0.0 0.0 -10.0 0.845
000113 66 Cyclist 0 0 -10.0 630.00 130.00 687.00 297.00 0.0 0.0 0.0 0.0 0.0 0.0 -10.0 0.817
000113 4 Cyclist 0 0 -10.0 696.00 143.00 755.00 294.00 0.0 0.0 0.0 0.0 0.0 0.0 -10.0 0.843
000113 3 Cyclist 0 0 -10.0 802.00 148.00 854.00 269.00 0.0 0.0 0.0 0.0 0.0 0.0 -10.0 0.833
000114 66 Cyclist 0 0 -10.0 631.00 129.00 690.00 300.00 0.0 0.0 0.0 0.0 0.0 0.0 -10.0 0.823
000114 4 Cyclist 0 0 -10.0 701.00 146.00 760.00 297.00 0.0 0.0 0.0 0.0 0.0 0.0 -10.0 0.835
000114 3 Cyclist 0 0 -10.0 808.00 148.00 860.00 271.00 0.0 0.0 0.0 0.0 0.0 0.0 -10.0 0.820
000115 66 Cyclist 0 0 -10.0 632.00 129.00 693.00 305.00 0.0 0.0 0.0 0.0 0.0 0.0 -10.0 0.818
000115 4 Cyclist 0 0 -10.0 705.00 147.00 765.00 299.00 0.0 0.0 0.0 0.0 0.0 0.0 -10.0 0.822
000115 3 Cyclist 0 0 -10.0 814.00 148.00 868.00 273.00 0.0 0.0 0.0 0.0 0.0 0.0 -10.0 0.807
000116 66 Cyclist 0 0 -10.0 636.00 130.00 697.00 308.00 0.0 0.0 0.0 0.0 0.0 0.0 -10.0 0.814
000116 4 Cyclist 0 0 -10.0 711.00 147.00 772.00 302.00 0.0 0.0 0.0 0.0 0.0 0.0 -10.0 0.840
000116 3 Cyclist 0 0 -10.0 822.00 148.00 876.00 274.00 0.0 0.0 0.0 0.0 0.0 0.0 -10.0 0.811
000117 66 Cyclist 0 0 -10.0 638.00 132.00 701.00 313.00 0.0 0.0 0.0 0.0 0.0 0.0 -10.0 0.815
000117 4 Cyclist 0 0 -10.0 715.00 147.00 778.00 305.00 0.0 0.0 0.0 0.0 0.0 0.0 -10.0 0.829
000117 3 Cyclist 0 0 -10.0 831.00 151.00 886.00 278.00 0.0 0.0 0.0 0.0 0.0 0.0 -10.0 0.835
000118 66 Cyclist 0 0 -10.0 645.00 130.00 711.00 319.00 0.0 0.0 0.0 0.0 0.0 0.0 -10.0 0.790
000118 4 Cyclist 0 0 -10.0 718.00 146.00 782.00 310.00 0.0 0.0 0.0 0.0 0.0 0.0 -10.0 0.833
000118 3 Cyclist 0 0 -10.0 840.00 152.00 896.00 282.00 0.0 0.0 0.0 0.0 0.0 0.0 -10.0 0.810
000119 66 Cyclist 0 0 -10.0 652.00 128.00 719.00 322.00 0.0 0.0 0.0 0.0 0.0 0.0 -10.0 0.790
000119 4 Cyclist 0 0 -10.0 720.00 148.00 786.00 316.00 0.0 0.0 0.0 0.0 0.0 0.0 -10.0 0.826
000119 3 Cyclist 0 0 -10.0 846.00 150.00 904.00 284.00 0.0 0.0 0.0 0.0 0.0 0.0 -10.0 0.825
000120 66 Cyclist 0 0 -10.0 656.00 129.00 724.00 327.00 0.0 0.0 0.0 0.0 0.0 0.0 -10.0 0.814
000120 4 Cyclist 0 0 -10.0 724.00 150.00 793.00 324.00 0.0 0.0 0.0 0.0 0.0 0.0 -10.0 0.851
000120 3 Cyclist 0 0 -10.0 854.00 150.00 913.00 285.00 0.0 0.0 0.0 0.0 0.0 0.0 -10.0 0.820
000121 66 Cyclist 0 0 -10.0 665.00 132.00 733.00 329.00 0.0 0.0 0.0 0.0 0.0 0.0 -10.0 0.822
000121 4 Cyclist 0 0 -10.0 729.00 149.00 799.00 328.00 0.0 0.0 0.0 0.0 0.0 0.0 -10.0 0.860
000121 3 Cyclist 0 0 -10.0 864.00 149.00 924.00 287.00 0.0 0.0 0.0 0.0 0.0 0.0 -10.0 0.824
000122 66 Cyclist 0 0 -10.0 671.00 132.00 740.00 331.00 0.0 0.0 0.0 0.0 0.0 0.0 -10.0 0.832
000122 4 Cyclist 0 0 -10.0 736.00 149.00 808.00 334.00 0.0 0.0 0.0 0.0 0.0 0.0 -10.0 0.826
000122 3 Cyclist 0 0 -10.0 875.00 149.00 937.00 291.00 0.0 0.0 0.0 0.0 0.0 0.0 -10.0 0.849
000123 66 Cyclist 0 0 -10.0 677.00 131.00 747.00 334.00 0.0 0.0 0.0 0.0 0.0 0.0 -10.0 0.819
000123 4 Cyclist 0 0 -10.0 742.00 148.00 817.00 339.00 0.0 0.0 0.0 0.0 0.0 0.0 -10.0 0.839
000123 3 Cyclist 0 0 -10.0 883.00 150.00 948.00 295.00 0.0 0.0 0.0 0.0 0.0 0.0 -10.0 0.831
000124 66 Cyclist 0 0 -10.0 681.00 128.00 756.00 344.00 0.0 0.0 0.0 0.0 0.0 0.0 -10.0 0.812
000124 4 Cyclist 0 0 -10.0 748.00 149.00 824.00 341.00 0.0 0.0 0.0 0.0 0.0 0.0 -10.0 0.840
000124 3 Cyclist 0 0 -10.0 894.00 149.00 959.00 297.00 0.0 0.0 0.0 0.0 0.0 0.0 -10.0 0.809
000125 66 Cyclist 0 0 -10.0 684.00 125.00 762.00 351.00 0.0 0.0 0.0 0.0 0.0 0.0 -10.0 0.839
000125 4 Cyclist 0 0 -10.0 756.00 148.00 834.00 346.00 0.0 0.0 0.0 0.0 0.0 0.0 -10.0 0.838
000125 3 Cyclist 0 0 -10.0 904.00 150.00 970.00 298.00 0.0 0.0 0.0 0.0 0.0 0.0 -10.0 0.816
000126 66 Cyclist 0 0 -10.0 687.00 125.00 768.00 356.00 0.0 0.0 0.0 0.0 0.0 0.0 -10.0 0.826
000126 4 Cyclist 0 0 -10.0 765.00 148.00 845.00 349.00 0.0 0.0 0.0 0.0 0.0 0.0 -10.0 0.829
000126 3 Cyclist 0 0 -10.0 918.00 150.00 987.00 303.00 0.0 0.0 0.0 0.0 0.0 0.0 -10.0 0.846
000127 66 Cyclist 0 0 -10.0 693.00 126.00 775.00 359.00 0.0 0.0 0.0 0.0 0.0 0.0 -10.0 0.836
000127 4 Cyclist 0 0 -10.0 773.00 147.00 853.00 351.00 0.0 0.0 0.0 0.0 0.0 0.0 -10.0 0.864
000127 3 Cyclist 0 0 -10.0 930.00 152.00 1001.00 309.00 0.0 0.0 0.0 0.0 0.0 0.0 -10.0 0.811
000128 66 Cyclist 0 0 -10.0 698.00 121.00 783.00 362.00 0.0 0.0 0.0 0.0 0.0 0.0 -10.0 0.831
000128 4 Cyclist 0 0 -10.0 779.00 147.00 862.00 358.00 0.0 0.0 0.0 0.0 0.0 0.0 -10.0 0.822
000128 3 Cyclist 0 0 -10.0 941.00 152.00 1014.00 312.00 0.0 0.0 0.0 0.0 0.0 0.0 -10.0 0.811
000129 66 Cyclist 0 0 -10.0 709.00 119.00 796.00 365.00 0.0 0.0 0.0 0.0 0.0 0.0 -10.0 0.783
000129 4 Cyclist 0 0 -10.0 787.00 148.00 871.00 362.00 0.0 0.0 0.0 0.0 0.0 0.0 -10.0 0.832
000129 3 Cyclist 0 0 -10.0 953.00 152.00 1025.00 312.00 0.0 0.0 0.0 0.0 0.0 0.0 -10.0 0.823
000130 66 Cyclist 0 0 -10.0 719.00 119.00 806.00 366.00 0.0 0.0 0.0 0.0 0.0 0.0 -10.0 0.792
000130 4 Cyclist 0 0 -10.0 797.00 147.00 883.00 365.00 0.0 0.0 0.0 0.0 0.0 0.0 -10.0 0.825
000130 3 Cyclist 0 0 -10.0 965.00 151.00 1038.00 314.00 0.0 0.0 0.0 0.0 0.0 0.0 -10.0 0.810
000131 66 Cyclist 0 0 -10.0 728.00 121.00 813.00 363.00 0.0 0.0 0.0 0.0 0.0 0.0 -10.0 0.831
000131 4 Cyclist 0 0 -10.0 806.00 143.00 895.00 367.00 0.0 0.0 0.0 0.0 0.0 0.0 -10.0 0.821
000131 3 Cyclist 0 0 -10.0 980.00 152.00 1055.00 316.00 0.0 0.0 0.0 0.0 0.0 0.0 -10.0 0.806
000132 66 Cyclist 0 0 -10.0 739.00 123.00 823.00 362.00 0.0 0.0 0.0 0.0 0.0 0.0 -10.0 0.821
000132 4 Cyclist 0 0 -10.0 819.00 142.00 908.00 365.00 0.0 0.0 0.0 0.0 0.0 0.0 -10.0 0.816
000132 3 Cyclist 0 0 -10.0 992.00 152.00 1070.00 320.00 0.0 0.0 0.0 0.0 0.0 0.0 -10.0 0.818
000133 66 Cyclist 0 0 -10.0 749.00 119.00 835.00 363.00 0.0 0.0 0.0 0.0 0.0 0.0 -10.0 0.781
000133 4 Cyclist 0 0 -10.0 831.00 145.00 921.00 366.00 0.0 0.0 0.0 0.0 0.0 0.0 -10.0 0.821
000133 3 Cyclist 0 0 -10.0 1003.00 151.00 1085.00 327.00 0.0 0.0 0.0 0.0 0.0 0.0 -10.0 0.781
000134 66 Cyclist 0 0 -10.0 757.00 110.00 847.00 363.00 0.0 0.0 0.0 0.0 0.0 0.0 -10.0 0.782
000134 4 Cyclist 0 0 -10.0 846.00 145.00 938.00 366.00 0.0 0.0 0.0 0.0 0.0 0.0 -10.0 0.798
000134 3 Cyclist 0 0 -10.0 1014.00 150.00 1099.00 333.00 0.0 0.0 0.0 0.0 0.0 0.0 -10.0 0.790
000135 66 Cyclist 0 0 -10.0 767.00 103.00 860.00 362.00 0.0 0.0 0.0 0.0 0.0 0.0 -10.0 0.771
000135 4 Cyclist 0 0 -10.0 864.00 142.00 958.00 365.00 0.0 0.0 0.0 0.0 0.0 0.0 -10.0 0.784
000135 3 Cyclist 0 0 -10.0 1032.00 151.00 1119.00 337.00 0.0 0.0 0.0 0.0 0.0 0.0 -10.0 0.814
000136 66 Cyclist 0 0 -10.0 772.00 103.00 866.00 361.00 0.0 0.0 0.0 0.0 0.0 0.0 -10.0 0.794
000136 4 Cyclist 0 0 -10.0 880.00 141.00 975.00 367.00 0.0 0.0 0.0 0.0 0.0 0.0 -10.0 0.820
000136 3 Cyclist 0 0 -10.0 1051.00 153.00 1140.00 342.00 0.0 0.0 0.0 0.0 0.0 0.0 -10.0 0.809
000137 66 Cyclist 0 0 -10.0 781.00 103.00 878.00 363.00 0.0 0.0 0.0 0.0 0.0 0.0 -10.0 0.792
000137 4 Cyclist 0 0 -10.0 896.00 141.00 992.00 367.00 0.0 0.0 0.0 0.0 0.0 0.0 -10.0 0.811
000137 3 Cyclist 0 0 -10.0 1067.00 152.00 1160.00 345.00 0.0 0.0 0.0 0.0 0.0 0.0 -10.0 0.785
000138 66 Cyclist 0 0 -10.0 793.00 108.00 890.00 364.00 0.0 0.0 0.0 0.0 0.0 0.0 -10.0 0.765
000138 4 Cyclist 0 0 -10.0 913.00 143.00 1011.00 368.00 0.0 0.0 0.0 0.0 0.0 0.0 -10.0 0.778
000138 3 Cyclist 0 0 -10.0 1083.00 151.00 1177.00 346.00 0.0 0.0 0.0 0.0 0.0 0.0 -10.0 0.755
000139 66 Cyclist 0 0 -10.0 806.00 111.00 905.00 363.00 0.0 0.0 0.0 0.0 0.0 0.0 -10.0 0.740
000139 4 Cyclist 0 0 -10.0 933.00 146.00 1032.00 369.00 0.0 0.0 0.0 0.0 0.0 0.0 -10.0 0.692
000139 3 Cyclist 0 0 -10.0 1100.00 151.00 1197.00 350.00 0.0 0.0 0.0 0.0 0.0 0.0 -10.0 0.636
000140 66 Cyclist 0 0 -10.0 825.00 103.00 933.00 362.00 0.0 0.0 0.0 0.0 0.0 0.0 -10.0 0.852
000140 4 Cyclist 0 0 -10.0 959.00 147.00 1063.00 366.00 0.0 0.0 0.0 0.0 0.0 0.0 -10.0 0.841
000140 3 Cyclist 0 0 -10.0 1120.00 150.00 1216.00 346.00 0.0 0.0 0.0 0.0 0.0 0.0 -10.0 0.551
000141 66 Cyclist 0 0 -10.0 837.00 98.00 956.00 363.00 0.0 0.0 0.0 0.0 0.0 0.0 -10.0 0.832
000141 4 Cyclist 0 0 -10.0 983.00 146.00 1093.00 364.00 0.0 0.0 0.0 0.0 0.0 0.0 -10.0 0.876
000141 3 Cyclist 0 0 -10.0 1131.00 146.00 1224.00 349.00 0.0 0.0 0.0 0.0 0.0 0.0 -10.0 0.471
000142 66 Cyclist 0 0 -10.0 852.00 99.00 977.00 363.00 0.0 0.0 0.0 0.0 0.0 0.0 -10.0 0.851
000142 4 Cyclist 0 0 -10.0 1003.00 148.00 1119.00 363.00 0.0 0.0 0.0 0.0 0.0 0.0 -10.0 0.867
000142 3 Cyclist 0 0 -10.0 1134.00 146.00 1224.00 358.00 0.0 0.0 0.0 0.0 0.0 0.0 -10.0 0.396
000143 66 Cyclist 0 0 -10.0 869.00 101.00 1000.00 363.00 0.0 0.0 0.0 0.0 0.0 0.0 -10.0 0.867
000143 4 Cyclist 0 0 -10.0 1031.00 151.00 1151.00 363.00 0.0 0.0 0.0 0.0 0.0 0.0 -10.0 0.858
000143 3 Cyclist 0 0 -10.0 1143.00 148.00 1223.00 361.00 0.0 0.0 0.0 0.0 0.0 0.0 -10.0 0.126
000144 66 Cyclist 0 0 -10.0 887.00 96.00 1028.00 363.00 0.0 0.0 0.0 0.0 0.0 0.0 -10.0 0.864
000144 4 Cyclist 0 0 -10.0 1056.00 152.00 1183.00 363.00 0.0 0.0 0.0 0.0 0.0 0.0 -10.0 0.889
