0 1 Pedestrian 0 0 -10.0 381.00 142.00 484.00 348.00 0.0 0.0 0.0 0.0 0.0 0.0 -10.0 0.786
0 2 Pedestrian 0 0 -10.0 470.00 135.00 544.00 330.00 0.0 0.0 0.0 0.0 0.0 0.0 -10.0 0.7613
0 3 Pedestrian 0 0 -10.0 562.00 142.00 577.00 188.00 0.0 0.0 0.0 0.0 0.0 0.0 -10.0 0.397
0 4 Pedestrian 0 0 -10.0 537.00 140.00 553.00 188.00 0.0 0.0 0.0 0.0 0.0 0.0 -10.0 0.3731
0 5 Pedestrian 0 0 -10.0 529.00 140.00 542.00 189.00 0.0 0.0 0.0 0.0 0.0 0.0 -10.0 0.3352
0 6 Pedestrian 0 0 -10.0 550.00 141.00 566.00 187.00 0.0 0.0 0.0 0.0 0.0 0.0 -10.0 0.326
0 7 Pedestrian 0 0 -10.0 498.00 139.00 519.00 205.00 0.0 0.0 0.0 0.0 0.0 0.0 -10.0 0.2939
0 8 Pedestrian 0 0 -10.0 535.00 140.00 548.00 186.00 0.0 0.0 0.0 0.0 0.0 0.0 -10.0 0.2892
0 9 Pedestrian 0 0 -10.0 488.00 139.00 511.00 207.00 0.0 0.0 0.0 0.0 0.0 0.0 -10.0 0.2821
0 10 Pedestrian 0 0 -10.0 556.00 141.00 572.00 188.00 0.0 0.0 0.0 0.0 0.0 0.0 -10.0 0.2533
1 1 Pedestrian 0 0 -10.0 391.00 142.00 493.00 351.00 0.0 0.0 0.0 0.0 0.0 0.0 -10.0 0.7904
1 2 Pedestrian 0 0 -10.0 484.00 135.00 553.00 328.00 0.0 0.0 0.0 0.0 0.0 0.0 -10.0 0.78
1 3 Pedestrian 0 0 -10.0 562.00 143.00 577.00 186.00 0.0 0.0 0.0 0.0 0.0 0.0 -10.0 0.2682
1 4 Pedestrian 0 0 -10.0 537.00 140.00 551.00 185.00 0.0 0.0 0.0 0.0 0.0 0.0 -10.0 0.2371
1 5 Pedestrian 0 0 -10.0 526.00 141.00 542.00 192.00 0.0 0.0 0.0 0.0 0.0 0.0 -10.0 0.1505
1 6 Pedestrian 0 0 -10.0 551.00 142.00 565.00 187.00 0.0 0.0 0.0 0.0 0.0 0.0 -10.0 0.4261
1 7 Pedestrian 0 0 -10.0 500.00 141.00 522.00 206.00 0.0 0.0 0.0 0.0 0.0 0.0 -10.0 0.2452
1 9 Pedestrian 0 0 -10.0 487.00 141.00 505.00 202.00 0.0 0.0 0.0 0.0 0.0 0.0 -10.0 0.1823
1 10 Pedestrian 0 0 -10.0 557.00 142.00 572.00 188.00 0.0 0.0 0.0 0.0 0.0 0.0 -10.0 0.3409
2 1 Pedestrian 0 0 -10.0 408.00 142.00 501.00 354.00 0.0 0.0 0.0 0.0 0.0 0.0 -10.0 0.7991
2 2 Pedestrian 0 0 -10.0 493.00 138.00 563.00 333.00 0.0 0.0 0.0 0.0 0.0 0.0 -10.0 0.7688
2 3 Pedestrian 0 0 -10.0 563.00 143.00 577.00 187.00 0.0 0.0 0.0 0.0 0.0 0.0 -10.0 0.4467
2 5 Pedestrian 0 0 -10.0 521.00 139.00 541.00 201.00 0.0 0.0 0.0 0.0 0.0 0.0 -10.0 0.1802
2 6 Pedestrian 0 0 -10.0 548.00 141.00 564.00 190.00 0.0 0.0 0.0 0.0 0.0 0.0 -10.0 0.13
2 7 Pedestrian 0 0 -10.0 503.00 141.00 522.00 204.00 0.0 0.0 0.0 0.0 0.0 0.0 -10.0 0.2895
2 10 Pedestrian 0 0 -10.0 559.00 142.00 573.00 188.00 0.0 0.0 0.0 0.0 0.0 0.0 -10.0 0.3313
3 1 Pedestrian 0 0 -10.0 432.00 142.00 507.00 354.00 0.0 0.0 0.0 0.0 0.0 0.0 -10.0 0.8027
3 2 Pedestrian 0 0 -10.0 503.00 134.00 579.00 337.00 0.0 0.0 0.0 0.0 0.0 0.0 -10.0 0.8479
3 5 Pedestrian 0 0 -10.0 519.00 138.00 540.00 202.00 0.0 0.0 0.0 0.0 0.0 0.0 -10.0 0.2243
3 6 Pedestrian 0 0 -10.0 543.00 140.00 564.00 197.00 0.0 0.0 0.0 0.0 0.0 0.0 -10.0 0.1172
3 7 Pedestrian 0 0 -10.0 507.00 141.00 524.00 205.00 0.0 0.0 0.0 0.0 0.0 0.0 -10.0 0.1253
4 1 Pedestrian 0 0 -10.0 446.00 141.00 526.00 356.00 0.0 0.0 0.0 0.0 0.0 0.0 -10.0 0.7768
4 2 Pedestrian 0 0 -10.0 511.00 133.00 596.00 342.00 0.0 0.0 0.0 0.0 0.0 0.0 -10.0 0.8135
4 5 Pedestrian 0 0 -10.0 520.00 140.00 538.00 203.00 0.0 0.0 0.0 0.0 0.0 0.0 -10.0 0.1659
4 6 Pedestrian 0 0 -10.0 545.00 141.00 566.00 200.00 0.0 0.0 0.0 0.0 0.0 0.0 -10.0 0.1652
4 7 Pedestrian 0 0 -10.0 510.00 144.00 527.00 199.00 0.0 0.0 0.0 0.0 0.0 0.0 -10.0 0.1287
5 1 Pedestrian 0 0 -10.0 454.00 141.00 539.00 358.00 0.0 0.0 0.0 0.0 0.0 0.0 -10.0 0.8076
5 2 Pedestrian 0 0 -10.0 517.00 135.00 607.00 347.00 0.0 0.0 0.0 0.0 0.0 0.0 -10.0 0.8006
5 5 Pedestrian 0 0 -10.0 520.00 141.00 537.00 195.00 0.0 0.0 0.0 0.0 0.0 0.0 -10.0 0.123
5 6 Pedestrian 0 0 -10.0 548.00 141.00 570.00 203.00 0.0 0.0 0.0 0.0 0.0 0.0 -10.0 0.145
5 7 Pedestrian 0 0 -10.0 510.00 145.00 528.00 198.00 0.0 0.0 0.0 0.0 0.0 0.0 -10.0 0.1448
6 1 Pedestrian 0 0 -10.0 459.00 140.00 554.00 358.00 0.0 0.0 0.0 0.0 0.0 0.0 -10.0 0.7741
6 2 Pedestrian 0 0 -10.0 532.00 138.00 616.00 350.00 0.0 0.0 0.0 0.0 0.0 0.0 -10.0 0.7977
6 5 Pedestrian 0 0 -10.0 518.00 139.00 534.00 190.00 0.0 0.0 0.0 0.0 0.0 0.0 -10.0 0.1172
6 6 Pedestrian 0 0 -10.0 550.00 142.00 570.00 209.00 0.0 0.0 0.0 0.0 0.0 0.0 -10.0 0.1137
6 7 Pedestrian 0 0 -10.0 511.00 145.00 529.00 198.00 0.0 0.0 0.0 0.0 0.0 0.0 -10.0 0.1422
6 9 Pedestrian 0 0 -10.0 487.00 142.00 504.00 193.00 0.0 0.0 0.0 0.0 0.0 0.0 -10.0 0.3475
7 1 Pedestrian 0 0 -10.0 475.00 141.00 568.00 361.00 0.0 0.0 0.0 0.0 0.0 0.0 -10.0 0.7961
7 2 Pedestrian 0 0 -10.0 548.00 136.00 623.00 349.00 0.0 0.0 0.0 0.0 0.0 0.0 -10.0 0.7345
7 5 Pedestrian 0 0 -10.0 516.00 137.00 533.00 191.00 0.0 0.0 0.0 0.0 0.0 0.0 -10.0 0.4086
7 7 Pedestrian 0 0 -10.0 512.00 144.00 531.00 198.00 0.0 0.0 0.0 0.0 0.0 0.0 -10.0 0.1777
7 9 Pedestrian 0 0 -10.0 486.00 142.00 503.00 195.00 0.0 0.0 0.0 0.0 0.0 0.0 -10.0 0.376
8 1 Pedestrian 0 0 -10.0 495.00 141.00 581.00 362.00 0.0 0.0 0.0 0.0 0.0 0.0 -10.0 0.7839
8 2 Pedestrian 0 0 -10.0 561.00 134.00 635.00 354.00 0.0 0.0 0.0 0.0 0.0 0.0 -10.0 0.7571
8 5 Pedestrian 0 0 -10.0 517.00 136.00 534.00 191.00 0.0 0.0 0.0 0.0 0.0 0.0 -10.0 0.3627
8 7 Pedestrian 0 0 -10.0 513.00 144.00 531.00 198.00 0.0 0.0 0.0 0.0 0.0 0.0 -10.0 0.1551
8 9 Pedestrian 0 0 -10.0 486.00 141.00 504.00 197.00 0.0 0.0 0.0 0.0 0.0 0.0 -10.0 0.6622
9 1 Pedestrian 0 0 -10.0 511.00 142.00 593.00 362.00 0.0 0.0 0.0 0.0 0.0 0.0 -10.0 0.7672
9 2 Pedestrian 0 0 -10.0 571.00 135.00 650.00 353.00 0.0 0.0 0.0 0.0 0.0 0.0 -10.0 0.7751
9 5 Pedestrian 0 0 -10.0 517.00 139.00 536.00 194.00 0.0 0.0 0.0 0.0 0.0 0.0 -10.0 0.1352
9 7 Pedestrian 0 0 -10.0 515.00 142.00 533.00 198.00 0.0 0.0 0.0 0.0 0.0 0.0 -10.0 0.3964
9 9 Pedestrian 0 0 -10.0 487.00 140.00 506.00 199.00 0.0 0.0 0.0 0.0 0.0 0.0 -10.0 0.6662
10 1 Pedestrian 0 0 -10.0 521.00 142.00 619.00 363.00 0.0 0.0 0.0 0.0 0.0 0.0 -10.0 0.7913
10 2 Pedestrian 0 0 -10.0 578.00 134.00 667.00 355.00 0.0 0.0 0.0 0.0 0.0 0.0 -10.0 0.7639
10 7 Pedestrian 0 0 -10.0 515.00 143.00 532.00 193.00 0.0 0.0 0.0 0.0 0.0 0.0 -10.0 0.3639
10 9 Pedestrian 0 0 -10.0 489.00 141.00 508.00 200.00 0.0 0.0 0.0 0.0 0.0 0.0 -10.0 0.599
10 26 Pedestrian 0 0 -10.0 239.00 141.00 299.00 304.00 0.0 0.0 0.0 0.0 0.0 0.0 -10.0 0.8361
11 1 Pedestrian 0 0 -10.0 530.00 139.00 638.00 366.00 0.0 0.0 0.0 0.0 0.0 0.0 -10.0 0.8078
11 2 Pedestrian 0 0 -10.0 593.00 134.00 679.00 359.00 0.0 0.0 0.0 0.0 0.0 0.0 -10.0 0.7729
11 7 Pedestrian 0 0 -10.0 514.00 141.00 531.00 191.00 0.0 0.0 0.0 0.0 0.0 0.0 -10.0 0.4536
11 9 Pedestrian 0 0 -10.0 490.00 140.00 509.00 198.00 0.0 0.0 0.0 0.0 0.0 0.0 -10.0 0.5032
11 26 Pedestrian 0 0 -10.0 243.00 137.00 305.00 304.00 0.0 0.0 0.0 0.0 0.0 0.0 -10.0 0.7685
11 27 Pedestrian 0 0 -10.0 494.00 141.00 512.00 198.00 0.0 0.0 0.0 0.0 0.0 0.0 -10.0 0.4639
11 8 Pedestrian 0 0 -10.0 537.00 142.00 555.00 188.00 0.0 0.0 0.0 0.0 0.0 0.0 -10.0 0.4506
12 1 Pedestrian 0 0 -10.0 542.00 140.00 649.00 366.00 0.0 0.0 0.0 0.0 0.0 0.0 -10.0 0.8179
12 2 Pedestrian 0 0 -10.0 618.00 132.00 692.00 357.00 0.0 0.0 0.0 0.0 0.0 0.0 -10.0 0.6313
12 7 Pedestrian 0 0 -10.0 515.00 143.00 532.00 191.00 0.0 0.0 0.0 0.0 0.0 0.0 -10.0 0.1659
12 9 Pedestrian 0 0 -10.0 490.00 140.00 510.00 196.00 0.0 0.0 0.0 0.0 0.0 0.0 -10.0 0.2792
12 26 Pedestrian 0 0 -10.0 248.00 136.00 315.00 309.00 0.0 0.0 0.0 0.0 0.0 0.0 -10.0 0.7755
12 27 Pedestrian 0 0 -10.0 494.00 143.00 513.00 201.00 0.0 0.0 0.0 0.0 0.0 0.0 -10.0 0.5738
12 8 Pedestrian 0 0 -10.0 537.00 143.00 555.00 192.00 0.0 0.0 0.0 0.0 0.0 0.0 -10.0 0.5766
13 1 Pedestrian 0 0 -10.0 561.00 141.00 655.00 363.00 0.0 0.0 0.0 0.0 0.0 0.0 -10.0 0.7474
13 2 Pedestrian 0 0 -10.0 623.00 135.00 698.00 359.00 0.0 0.0 0.0 0.0 0.0 0.0 -10.0 0.6685
13 7 Pedestrian 0 0 -10.0 516.00 141.00 532.00 190.00 0.0 0.0 0.0 0.0 0.0 0.0 -10.0 0.1729
13 9 Pedestrian 0 0 -10.0 491.00 139.00 511.00 196.00 0.0 0.0 0.0 0.0 0.0 0.0 -10.0 0.2671
13 26 Pedestrian 0 0 -10.0 259.00 139.00 329.00 309.00 0.0 0.0 0.0 0.0 0.0 0.0 -10.0 0.7895
13 27 Pedestrian 0 0 -10.0 495.00 141.00 515.00 203.00 0.0 0.0 0.0 0.0 0.0 0.0 -10.0 0.5962
13 8 Pedestrian 0 0 -10.0 536.00 144.00 554.00 193.00 0.0 0.0 0.0 0.0 0.0 0.0 -10.0 0.6081
13 3 Pedestrian 0 0 -10.0 562.00 146.00 579.00 189.00 0.0 0.0 0.0 0.0 0.0 0.0 -10.0 0.4646
14 1 Pedestrian 0 0 -10.0 581.00 142.00 668.00 365.00 0.0 0.0 0.0 0.0 0.0 0.0 -10.0 0.7757
14 2 Pedestrian 0 0 -10.0 634.00 136.00 713.00 360.00 0.0 0.0 0.0 0.0 0.0 0.0 -10.0 0.7705
14 7 Pedestrian 0 0 -10.0 518.00 140.00 534.00 191.00 0.0 0.0 0.0 0.0 0.0 0.0 -10.0 0.1963
14 9 Pedestrian 0 0 -10.0 491.00 138.00 512.00 195.00 0.0 0.0 0.0 0.0 0.0 0.0 -10.0 0.2228
14 26 Pedestrian 0 0 -10.0 273.00 140.00 344.00 309.00 0.0 0.0 0.0 0.0 0.0 0.0 -10.0 0.8074
14 27 Pedestrian 0 0 -10.0 495.00 141.00 517.00 204.00 0.0 0.0 0.0 0.0 0.0 0.0 -10.0 0.6163
14 8 Pedestrian 0 0 -10.0 535.00 143.00 553.00 194.00 0.0 0.0 0.0 0.0 0.0 0.0 -10.0 0.6259
14 3 Pedestrian 0 0 -10.0 562.00 144.00 580.00 190.00 0.0 0.0 0.0 0.0 0.0 0.0 -10.0 0.5773
15 1 Pedestrian 0 0 -10.0 587.00 140.00 679.00 365.00 0.0 0.0 0.0 0.0 0.0 0.0 -10.0 0.7849
15 2 Pedestrian 0 0 -10.0 645.00 137.00 729.00 360.00 0.0 0.0 0.0 0.0 0.0 0.0 -10.0 0.7671
15 7 Pedestrian 0 0 -10.0 519.00 140.00 534.00 195.00 0.0 0.0 0.0 0.0 0.0 0.0 -10.0 0.1012
15 9 Pedestrian 0 0 -10.0 493.00 139.00 513.00 196.00 0.0 0.0 0.0 0.0 0.0 0.0 -10.0 0.1453
15 26 Pedestrian 0 0 -10.0 284.00 141.00 355.00 313.00 0.0 0.0 0.0 0.0 0.0 0.0 -10.0 0.7688
15 27 Pedestrian 0 0 -10.0 498.00 140.00 520.00 204.00 0.0 0.0 0.0 0.0 0.0 0.0 -10.0 0.7323
15 8 Pedestrian 0 0 -10.0 535.00 142.00 553.00 195.00 0.0 0.0 0.0 0.0 0.0 0.0 -10.0 0.6007
15 3 Pedestrian 0 0 -10.0 563.00 144.00 581.00 190.00 0.0 0.0 0.0 0.0 0.0 0.0 -10.0 0.6484
15 33 Pedestrian 0 0 -10.0 247.00 136.00 311.00 316.00 0.0 0.0 0.0 0.0 0.0 0.0 -10.0 0.4818
16 1 Pedestrian 0 0 -10.0 596.00 141.00 695.00 366.00 0.0 0.0 0.0 0.0 0.0 0.0 -10.0 0.8038
16 2 Pedestrian 0 0 -10.0 658.00 139.00 745.00 360.00 0.0 0.0 0.0 0.0 0.0 0.0 -10.0 0.7629
16 9 Pedestrian 0 0 -10.0 494.00 139.00 517.00 197.00 0.0 0.0 0.0 0.0 0.0 0.0 -10.0 0.1539
16 26 Pedestrian 0 0 -10.0 300.00 139.00 370.00 314.00 0.0 0.0 0.0 0.0 0.0 0.0 -10.0 0.7833
16 27 Pedestrian 0 0 -10.0 500.00 139.00 522.00 204.00 0.0 0.0 0.0 0.0 0.0 0.0 -10.0 0.7735
16 8 Pedestrian 0 0 -10.0 534.00 142.00 553.00 194.00 0.0 0.0 0.0 0.0 0.0 0.0 -10.0 0.5853
16 3 Pedestrian 0 0 -10.0 563.00 143.00 581.00 190.00 0.0 0.0 0.0 0.0 0.0 0.0 -10.0 0.6412
16 33 Pedestrian 0 0 -10.0 249.00 135.00 316.00 323.00 0.0 0.0 0.0 0.0 0.0 0.0 -10.0 0.6965
17 1 Pedestrian 0 0 -10.0 604.00 143.00 708.00 366.00 0.0 0.0 0.0 0.0 0.0 0.0 -10.0 0.8079
17 2 Pedestrian 0 0 -10.0 666.00 141.00 757.00 360.00 0.0 0.0 0.0 0.0 0.0 0.0 -10.0 0.8076
17 26 Pedestrian 0 0 -10.0 311.00 140.00 384.00 314.00 0.0 0.0 0.0 0.0 0.0 0.0 -10.0 0.7973
17 27 Pedestrian 0 0 -10.0 502.00 138.00 524.00 205.00 0.0 0.0 0.0 0.0 0.0 0.0 -10.0 0.727
17 8 Pedestrian 0 0 -10.0 535.00 141.00 554.00 194.00 0.0 0.0 0.0 0.0 0.0 0.0 -10.0 0.6381
17 3 Pedestrian 0 0 -10.0 564.00 144.00 581.00 191.00 0.0 0.0 0.0 0.0 0.0 0.0 -10.0 0.6129
17 33 Pedestrian 0 0 -10.0 251.00 130.00 321.00 324.00 0.0 0.0 0.0 0.0 0.0 0.0 -10.0 0.7671
17 35 Cyclist 0 0 -10.0 455.00 141.00 486.00 186.00 0.0 0.0 0.0 0.0 0.0 0.0 -10.0 0.3902
18 1 Pedestrian 0 0 -10.0 618.00 144.00 720.00 366.00 0.0 0.0 0.0 0.0 0.0 0.0 -10.0 0.8083
18 2 Pedestrian 0 0 -10.0 680.00 141.00 767.00 359.00 0.0 0.0 0.0 0.0 0.0 0.0 -10.0 0.7705
18 26 Pedestrian 0 0 -10.0 319.00 137.00 404.00 316.00 0.0 0.0 0.0 0.0 0.0 0.0 -10.0 0.7864
18 27 Pedestrian 0 0 -10.0 503.00 138.00 525.00 205.00 0.0 0.0 0.0 0.0 0.0 0.0 -10.0 0.7473
18 8 Pedestrian 0 0 -10.0 535.00 141.00 554.00 194.00 0.0 0.0 0.0 0.0 0.0 0.0 -10.0 0.6533
18 3 Pedestrian 0 0 -10.0 565.00 144.00 583.00 192.00 0.0 0.0 0.0 0.0 0.0 0.0 -10.0 0.6176
18 33 Pedestrian 0 0 -10.0 259.00 130.00 325.00 329.00 0.0 0.0 0.0 0.0 0.0 0.0 -10.0 0.7634
18 35 Cyclist 0 0 -10.0 448.00 142.00 484.00 188.00 0.0 0.0 0.0 0.0 0.0 0.0 -10.0 0.556
18 36 Pedestrian 0 0 -10.0 1088.00 140.00 1223.00 365.00 0.0 0.0 0.0 0.0 0.0 0.0 -10.0 0.819
19 1 Pedestrian 0 0 -10.0 641.00 140.00 739.00 367.00 0.0 0.0 0.0 0.0 0.0 0.0 -10.0 0.7318
19 2 Pedestrian 0 0 -10.0 689.00 138.00 774.00 360.00 0.0 0.0 0.0 0.0 0.0 0.0 -10.0 0.6374
19 26 Pedestrian 0 0 -10.0 328.00 135.00 415.00 316.00 0.0 0.0 0.0 0.0 0.0 0.0 -10.0 0.8113
19 27 Pedestrian 0 0 -10.0 504.00 138.00 526.00 205.00 0.0 0.0 0.0 0.0 0.0 0.0 -10.0 0.719
19 8 Pedestrian 0 0 -10.0 534.00 141.00 554.00 193.00 0.0 0.0 0.0 0.0 0.0 0.0 -10.0 0.647
19 3 Pedestrian 0 0 -10.0 566.00 144.00 584.00 193.00 0.0 0.0 0.0 0.0 0.0 0.0 -10.0 0.5929
19 33 Pedestrian 0 0 -10.0 270.00 127.00 339.00 331.00 0.0 0.0 0.0 0.0 0.0 0.0 -10.0 0.7274
19 35 Cyclist 0 0 -10.0 442.00 142.00 480.00 189.00 0.0 0.0 0.0 0.0 0.0 0.0 -10.0 0.5314
19 36 Pedestrian 0 0 -10.0 1063.00 139.00 1223.00 364.00 0.0 0.0 0.0 0.0 0.0 0.0 -10.0 0.7626
19 10 Pedestrian 0 0 -10.0 570.00 144.00 589.00 193.00 0.0 0.0 0.0 0.0 0.0 0.0 -10.0 0.2919
20 1 Pedestrian 0 0 -10.0 653.00 139.00 751.00 367.00 0.0 0.0 0.0 0.0 0.0 0.0 -10.0 0.7981
20 2 Pedestrian 0 0 -10.0 708.00 134.00 794.00 361.00 0.0 0.0 0.0 0.0 0.0 0.0 -10.0 0.6607
20 26 Pedestrian 0 0 -10.0 341.00 135.00 427.00 319.00 0.0 0.0 0.0 0.0 0.0 0.0 -10.0 0.7689
20 27 Pedestrian 0 0 -10.0 506.00 138.00 527.00 205.00 0.0 0.0 0.0 0.0 0.0 0.0 -10.0 0.6675
20 8 Pedestrian 0 0 -10.0 534.00 141.00 555.00 193.00 0.0 0.0 0.0 0.0 0.0 0.0 -10.0 0.5798
20 3 Pedestrian 0 0 -10.0 567.00 144.00 585.00 193.00 0.0 0.0 0.0 0.0 0.0 0.0 -10.0 0.6108
20 33 Pedestrian 0 0 -10.0 275.00 129.00 348.00 330.00 0.0 0.0 0.0 0.0 0.0 0.0 -10.0 0.7749
20 35 Cyclist 0 0 -10.0 439.00 142.00 476.00 190.00 0.0 0.0 0.0 0.0 0.0 0.0 -10.0 0.6969
20 36 Pedestrian 0 0 -10.0 1031.00 136.00 1221.00 364.00 0.0 0.0 0.0 0.0 0.0 0.0 -10.0 0.7956
20 10 Pedestrian 0 0 -10.0 570.00 144.00 590.00 193.00 0.0 0.0 0.0 0.0 0.0 0.0 -10.0 0.3424
21 1 Pedestrian 0 0 -10.0 666.00 138.00 770.00 367.00 0.0 0.0 0.0 0.0 0.0 0.0 -10.0 0.7908
21 2 Pedestrian 0 0 -10.0 714.00 135.00 807.00 361.00 0.0 0.0 0.0 0.0 0.0 0.0 -10.0 0.5349
21 26 Pedestrian 0 0 -10.0 362.00 134.00 436.00 319.00 0.0 0.0 0.0 0.0 0.0 0.0 -10.0 0.7936
21 27 Pedestrian 0 0 -10.0 506.00 138.00 528.00 206.00 0.0 0.0 0.0 0.0 0.0 0.0 -10.0 0.5882
21 8 Pedestrian 0 0 -10.0 534.00 141.00 555.00 194.00 0.0 0.0 0.0 0.0 0.0 0.0 -10.0 0.6074
21 3 Pedestrian 0 0 -10.0 567.00 144.00 585.00 193.00 0.0 0.0 0.0 0.0 0.0 0.0 -10.0 0.5536
21 33 Pedestrian 0 0 -10.0 283.00 131.00 357.00 331.00 0.0 0.0 0.0 0.0 0.0 0.0 -10.0 0.7937
21 35 Cyclist 0 0 -10.0 432.00 142.00 472.00 189.00 0.0 0.0 0.0 0.0 0.0 0.0 -10.0 0.7366
21 36 Pedestrian 0 0 -10.0 1022.00 138.00 1172.00 368.00 0.0 0.0 0.0 0.0 0.0 0.0 -10.0 0.741
21 10 Pedestrian 0 0 -10.0 571.00 144.00 590.00 193.00 0.0 0.0 0.0 0.0 0.0 0.0 -10.0 0.2858
21 42 Cyclist 0 0 -10.0 475.00 140.00 495.00 177.00 0.0 0.0 0.0 0.0 0.0 0.0 -10.0 0.3744
21 43 Pedestrian 0 0 -10.0 1005.00 139.00 1165.00 366.00 0.0 0.0 0.0 0.0 0.0 0.0 -10.0 0.5944
22 1 Pedestrian 0 0 -10.0 680.00 138.00 791.00 368.00 0.0 0.0 0.0 0.0 0.0 0.0 -10.0 0.773
22 2 Pedestrian 0 0 -10.0 728.00 136.00 830.00 362.00 0.0 0.0 0.0 0.0 0.0 0.0 -10.0 0.6342
22 26 Pedestrian 0 0 -10.0 379.00 135.00 449.00 322.00 0.0 0.0 0.0 0.0 0.0 0.0 -10.0 0.7779
22 27 Pedestrian 0 0 -10.0 508.00 137.00 530.00 205.00 0.0 0.0 0.0 0.0 0.0 0.0 -10.0 0.4386
22 8 Pedestrian 0 0 -10.0 535.00 140.00 556.00 196.00 0.0 0.0 0.0 0.0 0.0 0.0 -10.0 0.5215
22 3 Pedestrian 0 0 -10.0 566.00 144.00 585.00 193.00 0.0 0.0 0.0 0.0 0.0 0.0 -10.0 0.571
22 33 Pedestrian 0 0 -10.0 292.00 130.00 371.00 334.00 0.0 0.0 0.0 0.0 0.0 0.0 -10.0 0.7203
22 35 Cyclist 0 0 -10.0 424.00 141.00 468.00 190.00 0.0 0.0 0.0 0.0 0.0 0.0 -10.0 0.6819
22 36 Pedestrian 0 0 -10.0 993.00 141.00 1124.00 369.00 0.0 0.0 0.0 0.0 0.0 0.0 -10.0 0.7797
22 10 Pedestrian 0 0 -10.0 570.00 143.00 590.00 193.00 0.0 0.0 0.0 0.0 0.0 0.0 -10.0 0.2952
22 42 Cyclist 0 0 -10.0 474.00 139.00 494.00 177.00 0.0 0.0 0.0 0.0 0.0 0.0 -10.0 0.24
22 5 Pedestrian 0 0 -10.0 511.00 138.00 534.00 205.00 0.0 0.0 0.0 0.0 0.0 0.0 -10.0 0.5827
23 1 Pedestrian 0 0 -10.0 697.00 138.00 811.00 368.00 0.0 0.0 0.0 0.0 0.0 0.0 -10.0 0.7545
23 2 Pedestrian 0 0 -10.0 746.00 138.00 845.00 362.00 0.0 0.0 0.0 0.0 0.0 0.0 -10.0 0.4102
23 26 Pedestrian 0 0 -10.0 387.00 134.00 468.00 324.00 0.0 0.0 0.0 0.0 0.0 0.0 -10.0 0.8199
23 27 Pedestrian 0 0 -10.0 506.00 137.00 527.00 206.00 0.0 0.0 0.0 0.0 0.0 0.0 -10.0 0.4222
23 8 Pedestrian 0 0 -10.0 534.00 141.00 557.00 197.00 0.0 0.0 0.0 0.0 0.0 0.0 -10.0 0.3805
23 3 Pedestrian 0 0 -10.0 567.00 145.00 586.00 195.00 0.0 0.0 0.0 0.0 0.0 0.0 -10.0 0.6413
23 33 Pedestrian 0 0 -10.0 306.00 130.00 387.00 333.00 0.0 0.0 0.0 0.0 0.0 0.0 -10.0 0.6124
23 35 Cyclist 0 0 -10.0 419.00 141.00 463.00 191.00 0.0 0.0 0.0 0.0 0.0 0.0 -10.0 0.5292
23 36 Pedestrian 0 0 -10.0 963.00 144.00 1079.00 370.00 0.0 0.0 0.0 0.0 0.0 0.0 -10.0 0.7428
23 10 Pedestrian 0 0 -10.0 570.00 143.00 590.00 194.00 0.0 0.0 0.0 0.0 0.0 0.0 -10.0 0.1763
23 42 Cyclist 0 0 -10.0 474.00 138.00 492.00 178.00 0.0 0.0 0.0 0.0 0.0 0.0 -10.0 0.2023
23 5 Pedestrian 0 0 -10.0 510.00 139.00 534.00 207.00 0.0 0.0 0.0 0.0 0.0 0.0 -10.0 0.6034
24 1 Pedestrian 0 0 -10.0 713.00 137.00 820.00 368.00 0.0 0.0 0.0 0.0 0.0 0.0 -10.0 0.7981
24 2 Pedestrian 0 0 -10.0 765.00 136.00 859.00 363.00 0.0 0.0 0.0 0.0 0.0 0.0 -10.0 0.6804
24 26 Pedestrian 0 0 -10.0 397.00 134.00 484.00 327.00 0.0 0.0 0.0 0.0 0.0 0.0 -10.0 0.821
24 27 Pedestrian 0 0 -10.0 507.00 138.00 529.00 206.00 0.0 0.0 0.0 0.0 0.0 0.0 -10.0 0.4064
24 8 Pedestrian 0 0 -10.0 534.00 142.00 557.00 198.00 0.0 0.0 0.0 0.0 0.0 0.0 -10.0 0.4948
24 3 Pedestrian 0 0 -10.0 568.00 146.00 586.00 196.00 0.0 0.0 0.0 0.0 0.0 0.0 -10.0 0.6218
24 33 Pedestrian 0 0 -10.0 316.00 132.00 398.00 335.00 0.0 0.0 0.0 0.0 0.0 0.0 -10.0 0.7858
24 35 Cyclist 0 0 -10.0 408.00 141.00 455.00 196.00 0.0 0.0 0.0 0.0 0.0 0.0 -10.0 0.4621
24 36 Pedestrian 0 0 -10.0 931.00 140.00 1042.00 369.00 0.0 0.0 0.0 0.0 0.0 0.0 -10.0 0.7015
24 10 Pedestrian 0 0 -10.0 571.00 145.00 590.00 195.00 0.0 0.0 0.0 0.0 0.0 0.0 -10.0 0.4947
24 42 Cyclist 0 0 -10.0 472.00 138.00 492.00 178.00 0.0 0.0 0.0 0.0 0.0 0.0 -10.0 0.2527
24 5 Pedestrian 0 0 -10.0 510.00 139.00 534.00 208.00 0.0 0.0 0.0 0.0 0.0 0.0 -10.0 0.6744
25 1 Pedestrian 0 0 -10.0 736.00 135.00 847.00 366.00 0.0 0.0 0.0 0.0 0.0 0.0 -10.0 0.7008
25 2 Pedestrian 0 0 -10.0 777.00 133.00 874.00 364.00 0.0 0.0 0.0 0.0 0.0 0.0 -10.0 0.5828
25 26 Pedestrian 0 0 -10.0 412.00 136.00 496.00 329.00 0.0 0.0 0.0 0.0 0.0 0.0 -10.0 0.811
25 27 Pedestrian 0 0 -10.0 507.00 138.00 527.00 198.00 0.0 0.0 0.0 0.0 0.0 0.0 -10.0 0.1683
25 8 Pedestrian 0 0 -10.0 534.00 141.00 557.00 201.00 0.0 0.0 0.0 0.0 0.0 0.0 -10.0 0.3507
25 3 Pedestrian 0 0 -10.0 567.00 146.00 586.00 195.00 0.0 0.0 0.0 0.0 0.0 0.0 -10.0 0.6099
25 33 Pedestrian 0 0 -10.0 324.00 131.00 411.00 336.00 0.0 0.0 0.0 0.0 0.0 0.0 -10.0 0.8012
25 35 Cyclist 0 0 -10.0 405.00 141.00 454.00 194.00 0.0 0.0 0.0 0.0 0.0 0.0 -10.0 0.5572
25 36 Pedestrian 0 0 -10.0 905.00 138.00 1017.00 368.00 0.0 0.0 0.0 0.0 0.0 0.0 -10.0 0.6987
25 10 Pedestrian 0 0 -10.0 571.00 146.00 590.00 194.00 0.0 0.0 0.0 0.0 0.0 0.0 -10.0 0.4296
25 5 Pedestrian 0 0 -10.0 512.00 139.00 536.00 209.00 0.0 0.0 0.0 0.0 0.0 0.0 -10.0 0.7001
26 1 Pedestrian 0 0 -10.0 747.00 134.00 865.00 363.00 0.0 0.0 0.0 0.0 0.0 0.0 -10.0 0.7408
26 2 Pedestrian 0 0 -10.0 790.00 133.00 898.00 364.00 0.0 0.0 0.0 0.0 0.0 0.0 -10.0 0.4473
26 26 Pedestrian 0 0 -10.0 430.00 136.00 508.00 331.00 0.0 0.0 0.0 0.0 0.0 0.0 -10.0 0.787
26 27 Pedestrian 0 0 -10.0 506.00 138.00 526.00 194.00 0.0 0.0 0.0 0.0 0.0 0.0 -10.0 0.1748
26 8 Pedestrian 0 0 -10.0 533.00 142.00 554.00 205.00 0.0 0.0 0.0 0.0 0.0 0.0 -10.0 0.3365
26 3 Pedestrian 0 0 -10.0 568.00 145.00 587.00 195.00 0.0 0.0 0.0 0.0 0.0 0.0 -10.0 0.5565
26 33 Pedestrian 0 0 -10.0 331.00 128.00 425.00 337.00 0.0 0.0 0.0 0.0 0.0 0.0 -10.0 0.7814
26 35 Cyclist 0 0 -10.0 401.00 140.00 449.00 191.00 0.0 0.0 0.0 0.0 0.0 0.0 -10.0 0.7229
26 36 Pedestrian 0 0 -10.0 879.00 141.00 996.00 368.00 0.0 0.0 0.0 0.0 0.0 0.0 -10.0 0.8065
26 10 Pedestrian 0 0 -10.0 571.00 144.00 591.00 193.00 0.0 0.0 0.0 0.0 0.0 0.0 -10.0 0.3711
26 5 Pedestrian 0 0 -10.0 513.00 139.00 538.00 209.00 0.0 0.0 0.0 0.0 0.0 0.0 -10.0 0.7152
27 1 Pedestrian 0 0 -10.0 757.00 133.00 880.00 365.00 0.0 0.0 0.0 0.0 0.0 0.0 -10.0 0.7047
27 2 Pedestrian 0 0 -10.0 815.00 134.00 930.00 364.00 0.0 0.0 0.0 0.0 0.0 0.0 -10.0 0.4761
27 26 Pedestrian 0 0 -10.0 444.00 137.00 518.00 331.00 0.0 0.0 0.0 0.0 0.0 0.0 -10.0 0.8047
27 8 Pedestrian 0 0 -10.0 530.00 141.00 551.00 207.00 0.0 0.0 0.0 0.0 0.0 0.0 -10.0 0.1618
27 3 Pedestrian 0 0 -10.0 569.00 144.00 588.00 196.00 0.0 0.0 0.0 0.0 0.0 0.0 -10.0 0.522
27 33 Pedestrian 0 0 -10.0 344.00 126.00 432.00 341.00 0.0 0.0 0.0 0.0 0.0 0.0 -10.0 0.716
27 35 Cyclist 0 0 -10.0 393.00 137.00 445.00 189.00 0.0 0.0 0.0 0.0 0.0 0.0 -10.0 0.572
27 36 Pedestrian 0 0 -10.0 849.00 133.00 964.00 367.00 0.0 0.0 0.0 0.0 0.0 0.0 -10.0 0.6306
27 10 Pedestrian 0 0 -10.0 572.00 143.00 591.00 195.00 0.0 0.0 0.0 0.0 0.0 0.0 -10.0 0.5582
27 5 Pedestrian 0 0 -10.0 515.00 140.00 539.00 210.00 0.0 0.0 0.0 0.0 0.0 0.0 -10.0 0.7149
27 9 Pedestrian 0 0 -10.0 502.00 138.00 523.00 203.00 0.0 0.0 0.0 0.0 0.0 0.0 -10.0 0.2736
28 1 Pedestrian 0 0 -10.0 772.00 135.00 899.00 368.00 0.0 0.0 0.0 0.0 0.0 0.0 -10.0 0.7396
28 2 Pedestrian 0 0 -10.0 831.00 135.00 948.00 365.00 0.0 0.0 0.0 0.0 0.0 0.0 -10.0 0.6564
28 26 Pedestrian 0 0 -10.0 453.00 136.00 538.00 332.00 0.0 0.0 0.0 0.0 0.0 0.0 -10.0 0.8329
28 8 Pedestrian 0 0 -10.0 527.00 139.00 548.00 208.00 0.0 0.0 0.0 0.0 0.0 0.0 -10.0 0.1585
28 3 Pedestrian 0 0 -10.0 569.00 142.00 588.00 197.00 0.0 0.0 0.0 0.0 0.0 0.0 -10.0 0.4926
28 33 Pedestrian 0 0 -10.0 359.00 124.00 440.00 344.00 0.0 0.0 0.0 0.0 0.0 0.0 -10.0 0.7055
28 35 Cyclist 0 0 -10.0 385.00 136.00 436.00 191.00 0.0 0.0 0.0 0.0 0.0 0.0 -10.0 0.1367
28 36 Pedestrian 0 0 -10.0 781.00 139.00 935.00 359.00 0.0 0.0 0.0 0.0 0.0 0.0 -10.0 0.1378
28 10 Pedestrian 0 0 -10.0 573.00 142.00 592.00 195.00 0.0 0.0 0.0 0.0 0.0 0.0 -10.0 0.5993
28 5 Pedestrian 0 0 -10.0 518.00 140.00 541.00 210.00 0.0 0.0 0.0 0.0 0.0 0.0 -10.0 0.7015
29 1 Pedestrian 0 0 -10.0 792.00 135.00 916.00 369.00 0.0 0.0 0.0 0.0 0.0 0.0 -10.0 0.64
29 2 Pedestrian 0 0 -10.0 856.00 135.00 967.00 365.00 0.0 0.0 0.0 0.0 0.0 0.0 -10.0 0.6902
29 26 Pedestrian 0 0 -10.0 461.00 137.00 555.00 336.00 0.0 0.0 0.0 0.0 0.0 0.0 -10.0 0.8461
29 8 Pedestrian 0 0 -10.0 524.00 138.00 547.00 210.00 0.0 0.0 0.0 0.0 0.0 0.0 -10.0 0.6649
29 3 Pedestrian 0 0 -10.0 570.00 140.00 589.00 197.00 0.0 0.0 0.0 0.0 0.0 0.0 -10.0 0.4139
29 33 Pedestrian 0 0 -10.0 371.00 125.00 452.00 346.00 0.0 0.0 0.0 0.0 0.0 0.0 -10.0 0.7929
29 35 Cyclist 0 0 -10.0 376.00 138.00 424.00 191.00 0.0 0.0 0.0 0.0 0.0 0.0 -10.0 0.1527
29 36 Pedestrian 0 0 -10.0 772.00 140.00 933.00 358.00 0.0 0.0 0.0 0.0 0.0 0.0 -10.0 0.4242
29 10 Pedestrian 0 0 -10.0 573.00 142.00 592.00 196.00 0.0 0.0 0.0 0.0 0.0 0.0 -10.0 0.6585
29 5 Pedestrian 0 0 -10.0 519.00 138.00 541.00 209.00 0.0 0.0 0.0 0.0 0.0 0.0 -10.0 0.3992
30 1 Pedestrian 0 0 -10.0 811.00 136.00 927.00 366.00 0.0 0.0 0.0 0.0 0.0 0.0 -10.0 0.2745
30 2 Pedestrian 0 0 -10.0 858.00 134.00 988.00 364.00 0.0 0.0 0.0 0.0 0.0 0.0 -10.0 0.6808
30 26 Pedestrian 0 0 -10.0 476.00 138.00 568.00 341.00 0.0 0.0 0.0 0.0 0.0 0.0 -10.0 0.8489
30 8 Pedestrian 0 0 -10.0 526.00 139.00 546.00 203.00 0.0 0.0 0.0 0.0 0.0 0.0 -10.0 0.2009
30 3 Pedestrian 0 0 -10.0 570.00 142.00 590.00 198.00 0.0 0.0 0.0 0.0 0.0 0.0 -10.0 0.3371
30 33 Pedestrian 0 0 -10.0 382.00 126.00 466.00 349.00 0.0 0.0 0.0 0.0 0.0 0.0 -10.0 0.7684
30 35 Cyclist 0 0 -10.0 372.00 140.00 418.00 186.00 0.0 0.0 0.0 0.0 0.0 0.0 -10.0 0.4314
30 36 Pedestrian 0 0 -10.0 769.00 140.00 905.00 362.00 0.0 0.0 0.0 0.0 0.0 0.0 -10.0 0.7682
30 10 Pedestrian 0 0 -10.0 574.00 145.00 594.00 197.00 0.0 0.0 0.0 0.0 0.0 0.0 -10.0 0.7138
30 55 Pedestrian 0 0 -10.0 543.00 141.00 561.00 197.00 0.0 0.0 0.0 0.0 0.0 0.0 -10.0 0.4707
30 9 Pedestrian 0 0 -10.0 502.00 139.00 522.00 204.00 0.0 0.0 0.0 0.0 0.0 0.0 -10.0 0.2949
31 1 Pedestrian 0 0 -10.0 843.00 133.00 967.00 367.00 0.0 0.0 0.0 0.0 0.0 0.0 -10.0 0.5702
31 2 Pedestrian 0 0 -10.0 838.00 131.00 1010.00 360.00 0.0 0.0 0.0 0.0 0.0 0.0 -10.0 0.714
31 26 Pedestrian 0 0 -10.0 493.00 136.00 576.00 344.00 0.0 0.0 0.0 0.0 0.0 0.0 -10.0 0.7781
31 8 Pedestrian 0 0 -10.0 521.00 138.00 545.00 205.00 0.0 0.0 0.0 0.0 0.0 0.0 -10.0 0.1059
31 3 Pedestrian 0 0 -10.0 570.00 143.00 591.00 198.00 0.0 0.0 0.0 0.0 0.0 0.0 -10.0 0.4998
31 33 Pedestrian 0 0 -10.0 388.00 128.00 481.00 353.00 0.0 0.0 0.0 0.0 0.0 0.0 -10.0 0.7889
31 35 Cyclist 0 0 -10.0 366.00 141.00 414.00 188.00 0.0 0.0 0.0 0.0 0.0 0.0 -10.0 0.5382
31 36 Pedestrian 0 0 -10.0 757.00 148.00 873.00 360.00 0.0 0.0 0.0 0.0 0.0 0.0 -10.0 0.7813
31 10 Pedestrian 0 0 -10.0 574.00 145.00 594.00 198.00 0.0 0.0 0.0 0.0 0.0 0.0 -10.0 0.6792
31 55 Pedestrian 0 0 -10.0 544.00 139.00 562.00 193.00 0.0 0.0 0.0 0.0 0.0 0.0 -10.0 0.1397
31 58 Pedestrian 0 0 -10.0 578.00 148.00 598.00 197.00 0.0 0.0 0.0 0.0 0.0 0.0 -10.0 0.3534
31 5 Pedestrian 0 0 -10.0 519.00 137.00 539.00 200.00 0.0 0.0 0.0 0.0 0.0 0.0 -10.0 0.3345
32 1 Pedestrian 0 0 -10.0 849.00 139.00 1004.00 366.00 0.0 0.0 0.0 0.0 0.0 0.0 -10.0 0.7276
32 2 Pedestrian 0 0 -10.0 874.00 130.00 1034.00 362.00 0.0 0.0 0.0 0.0 0.0 0.0 -10.0 0.5861
32 26 Pedestrian 0 0 -10.0 511.00 135.00 591.00 349.00 0.0 0.0 0.0 0.0 0.0 0.0 -10.0 0.8138
32 8 Pedestrian 0 0 -10.0 521.00 135.00 542.00 206.00 0.0 0.0 0.0 0.0 0.0 0.0 -10.0 0.392
32 3 Pedestrian 0 0 -10.0 573.00 144.00 591.00 199.00 0.0 0.0 0.0 0.0 0.0 0.0 -10.0 0.1681
32 33 Pedestrian 0 0 -10.0 400.00 125.00 490.00 354.00 0.0 0.0 0.0 0.0 0.0 0.0 -10.0 0.7786
32 35 Cyclist 0 0 -10.0 358.00 140.00 409.00 190.00 0.0 0.0 0.0 0.0 0.0 0.0 -10.0 0.6504
32 36 Pedestrian 0 0 -10.0 742.00 150.00 841.00 357.00 0.0 0.0 0.0 0.0 0.0 0.0 -10.0 0.7663
32 10 Pedestrian 0 0 -10.0 576.00 144.00 594.00 196.00 0.0 0.0 0.0 0.0 0.0 0.0 -10.0 0.3862
32 58 Pedestrian 0 0 -10.0 579.00 148.00 597.00 198.00 0.0 0.0 0.0 0.0 0.0 0.0 -10.0 0.6757
32 60 Pedestrian 0 0 -10.0 487.00 138.00 503.00 180.00 0.0 0.0 0.0 0.0 0.0 0.0 -10.0 0.4763
32 5 Pedestrian 0 0 -10.0 519.00 136.00 538.00 202.00 0.0 0.0 0.0 0.0 0.0 0.0 -10.0 0.3792
33 1 Pedestrian 0 0 -10.0 861.00 143.00 1034.00 366.00 0.0 0.0 0.0 0.0 0.0 0.0 -10.0 0.8142
33 2 Pedestrian 0 0 -10.0 913.00 131.00 1048.00 363.00 0.0 0.0 0.0 0.0 0.0 0.0 -10.0 0.3651
33 26 Pedestrian 0 0 -10.0 523.00 134.00 609.00 350.00 0.0 0.0 0.0 0.0 0.0 0.0 -10.0 0.7809
33 8 Pedestrian 0 0 -10.0 522.00 134.00 541.00 203.00 0.0 0.0 0.0 0.0 0.0 0.0 -10.0 0.416
33 3 Pedestrian 0 0 -10.0 573.00 144.00 591.00 200.00 0.0 0.0 0.0 0.0 0.0 0.0 -10.0 0.1156
33 33 Pedestrian 0 0 -10.0 416.00 125.00 504.00 358.00 0.0 0.0 0.0 0.0 0.0 0.0 -10.0 0.6478
33 35 Cyclist 0 0 -10.0 351.00 141.00 402.00 190.00 0.0 0.0 0.0 0.0 0.0 0.0 -10.0 0.4311
33 36 Pedestrian 0 0 -10.0 722.00 149.00 808.00 354.00 0.0 0.0 0.0 0.0 0.0 0.0 -10.0 0.7797
33 10 Pedestrian 0 0 -10.0 577.00 144.00 595.00 196.00 0.0 0.0 0.0 0.0 0.0 0.0 -10.0 0.1085
33 58 Pedestrian 0 0 -10.0 579.00 147.00 597.00 202.00 0.0 0.0 0.0 0.0 0.0 0.0 -10.0 0.3779
33 60 Pedestrian 0 0 -10.0 487.00 137.00 504.00 181.00 0.0 0.0 0.0 0.0 0.0 0.0 -10.0 0.346
33 5 Pedestrian 0 0 -10.0 519.00 135.00 538.00 199.00 0.0 0.0 0.0 0.0 0.0 0.0 -10.0 0.443
34 1 Pedestrian 0 0 -10.0 883.00 143.00 1063.00 365.00 0.0 0.0 0.0 0.0 0.0 0.0 -10.0 0.7917
34 2 Pedestrian 0 0 -10.0 935.00 134.00 1067.00 365.00 0.0 0.0 0.0 0.0 0.0 0.0 -10.0 0.2425
34 26 Pedestrian 0 0 -10.0 533.00 134.00 624.00 351.00 0.0 0.0 0.0 0.0 0.0 0.0 -10.0 0.8188
34 8 Pedestrian 0 0 -10.0 520.00 134.00 540.00 200.00 0.0 0.0 0.0 0.0 0.0 0.0 -10.0 0.5173
34 3 Pedestrian 0 0 -10.0 572.00 143.00 591.00 203.00 0.0 0.0 0.0 0.0 0.0 0.0 -10.0 0.1359
34 33 Pedestrian 0 0 -10.0 433.00 124.00 520.00 360.00 0.0 0.0 0.0 0.0 0.0 0.0 -10.0 0.7746
34 35 Cyclist 0 0 -10.0 341.00 140.00 392.00 188.00 0.0 0.0 0.0 0.0 0.0 0.0 -10.0 0.5378
34 36 Pedestrian 0 0 -10.0 700.00 151.00 789.00 353.00 0.0 0.0 0.0 0.0 0.0 0.0 -10.0 0.8082
34 58 Pedestrian 0 0 -10.0 579.00 146.00 597.00 204.00 0.0 0.0 0.0 0.0 0.0 0.0 -10.0 0.2603
34 7 Pedestrian 0 0 -10.0 532.00 136.00 552.00 205.00 0.0 0.0 0.0 0.0 0.0 0.0 -10.0 0.4139
35 1 Pedestrian 0 0 -10.0 910.00 143.00 1085.00 365.00 0.0 0.0 0.0 0.0 0.0 0.0 -10.0 0.714
35 2 Pedestrian 0 0 -10.0 936.00 134.00 1063.00 366.00 0.0 0.0 0.0 0.0 0.0 0.0 -10.0 0.4295
35 26 Pedestrian 0 0 -10.0 547.00 136.00 639.00 355.00 0.0 0.0 0.0 0.0 0.0 0.0 -10.0 0.7845
35 8 Pedestrian 0 0 -10.0 519.00 136.00 539.00 197.00 0.0 0.0 0.0 0.0 0.0 0.0 -10.0 0.3297
35 3 Pedestrian 0 0 -10.0 567.00 143.00 589.00 206.00 0.0 0.0 0.0 0.0 0.0 0.0 -10.0 0.2132
35 33 Pedestrian 0 0 -10.0 446.00 127.00 539.00 361.00 0.0 0.0 0.0 0.0 0.0 0.0 -10.0 0.7646
35 35 Cyclist 0 0 -10.0 334.00 140.00 384.00 190.00 0.0 0.0 0.0 0.0 0.0 0.0 -10.0 0.1324
35 36 Pedestrian 0 0 -10.0 677.00 154.00 776.00 351.00 0.0 0.0 0.0 0.0 0.0 0.0 -10.0 0.8075
35 58 Pedestrian 0 0 -10.0 576.00 146.00 597.00 207.00 0.0 0.0 0.0 0.0 0.0 0.0 -10.0 0.2927
35 7 Pedestrian 0 0 -10.0 536.00 138.00 559.00 210.00 0.0 0.0 0.0 0.0 0.0 0.0 -10.0 0.6104
36 1 Pedestrian 0 0 -10.0 934.00 137.00 1117.00 362.00 0.0 0.0 0.0 0.0 0.0 0.0 -10.0 0.7791
36 26 Pedestrian 0 0 -10.0 565.00 137.00 653.00 357.00 0.0 0.0 0.0 0.0 0.0 0.0 -10.0 0.791
36 8 Pedestrian 0 0 -10.0 516.00 138.00 537.00 204.00 0.0 0.0 0.0 0.0 0.0 0.0 -10.0 0.1112
36 33 Pedestrian 0 0 -10.0 455.00 129.00 555.00 359.00 0.0 0.0 0.0 0.0 0.0 0.0 -10.0 0.8031
36 35 Cyclist 0 0 -10.0 323.00 141.00 376.00 196.00 0.0 0.0 0.0 0.0 0.0 0.0 -10.0 0.1089
36 36 Pedestrian 0 0 -10.0 659.00 153.00 757.00 348.00 0.0 0.0 0.0 0.0 0.0 0.0 -10.0 0.8004
36 7 Pedestrian 0 0 -10.0 536.00 139.00 561.00 213.00 0.0 0.0 0.0 0.0 0.0 0.0 -10.0 0.6143
37 1 Pedestrian 0 0 -10.0 953.00 139.00 1139.00 362.00 0.0 0.0 0.0 0.0 0.0 0.0 -10.0 0.779
37 26 Pedestrian 0 0 -10.0 579.00 135.00 668.00 359.00 0.0 0.0 0.0 0.0 0.0 0.0 -10.0 0.8062
37 8 Pedestrian 0 0 -10.0 517.00 138.00 538.00 196.00 0.0 0.0 0.0 0.0 0.0 0.0 -10.0 0.1122
37 33 Pedestrian 0 0 -10.0 468.00 128.00 570.00 362.00 0.0 0.0 0.0 0.0 0.0 0.0 -10.0 0.801
37 36 Pedestrian 0 0 -10.0 640.00 149.00 722.00 345.00 0.0 0.0 0.0 0.0 0.0 0.0 -10.0 0.783
37 7 Pedestrian 0 0 -10.0 540.00 140.00 565.00 216.00 0.0 0.0 0.0 0.0 0.0 0.0 -10.0 0.6566
37 43 Pedestrian 0 0 -10.0 1004.00 126.00 1189.00 364.00 0.0 0.0 0.0 0.0 0.0 0.0 -10.0 0.5234
38 1 Pedestrian 0 0 -10.0 975.00 136.00 1179.00 362.00 0.0 0.0 0.0 0.0 0.0 0.0 -10.0 0.7997
38 26 Pedestrian 0 0 -10.0 590.00 135.00 690.00 360.00 0.0 0.0 0.0 0.0 0.0 0.0 -10.0 0.8141
38 8 Pedestrian 0 0 -10.0 519.00 135.00 538.00 191.00 0.0 0.0 0.0 0.0 0.0 0.0 -10.0 0.1884
38 33 Pedestrian 0 0 -10.0 484.00 127.00 586.00 360.00 0.0 0.0 0.0 0.0 0.0 0.0 -10.0 0.7901
38 7 Pedestrian 0 0 -10.0 544.00 138.00 566.00 205.00 0.0 0.0 0.0 0.0 0.0 0.0 -10.0 0.1878
38 43 Pedestrian 0 0 -10.0 1018.00 123.00 1210.00 365.00 0.0 0.0 0.0 0.0 0.0 0.0 -10.0 0.3817
38 10 Pedestrian 0 0 -10.0 585.00 146.00 602.00 200.00 0.0 0.0 0.0 0.0 0.0 0.0 -10.0 0.4939
39 1 Pedestrian 0 0 -10.0 1001.00 136.00 1212.00 363.00 0.0 0.0 0.0 0.0 0.0 0.0 -10.0 0.8442
39 26 Pedestrian 0 0 -10.0 600.00 135.00 704.00 359.00 0.0 0.0 0.0 0.0 0.0 0.0 -10.0 0.8251
39 8 Pedestrian 0 0 -10.0 519.00 133.00 539.00 192.00 0.0 0.0 0.0 0.0 0.0 0.0 -10.0 0.3894
39 33 Pedestrian 0 0 -10.0 502.00 126.00 603.00 358.00 0.0 0.0 0.0 0.0 0.0 0.0 -10.0 0.8025
39 7 Pedestrian 0 0 -10.0 547.00 135.00 569.00 199.00 0.0 0.0 0.0 0.0 0.0 0.0 -10.0 0.1563
39 10 Pedestrian 0 0 -10.0 582.00 142.00 602.00 200.00 0.0 0.0 0.0 0.0 0.0 0.0 -10.0 0.5581
40 1 Pedestrian 0 0 -10.0 1030.00 138.00 1224.00 362.00 0.0 0.0 0.0 0.0 0.0 0.0 -10.0 0.8033
40 26 Pedestrian 0 0 -10.0 611.00 136.00 713.00 357.00 0.0 0.0 0.0 0.0 0.0 0.0 -10.0 0.7706
40 8 Pedestrian 0 0 -10.0 520.00 132.00 540.00 200.00 0.0 0.0 0.0 0.0 0.0 0.0 -10.0 0.5724
40 33 Pedestrian 0 0 -10.0 518.00 128.00 615.00 362.00 0.0 0.0 0.0 0.0 0.0 0.0 -10.0 0.7781
40 7 Pedestrian 0 0 -10.0 546.00 137.00 567.00 201.00 0.0 0.0 0.0 0.0 0.0 0.0 -10.0 0.1892
40 77 Cyclist 0 0 -10.0 472.00 139.00 494.00 184.00 0.0 0.0 0.0 0.0 0.0 0.0 -10.0 0.3518
40 36 Pedestrian 0 0 -10.0 584.00 142.00 666.00 352.00 0.0 0.0 0.0 0.0 0.0 0.0 -10.0 0.6797
41 1 Pedestrian 0 0 -10.0 1055.00 142.00 1224.00 362.00 0.0 0.0 0.0 0.0 0.0 0.0 -10.0 0.9029
41 26 Pedestrian 0 0 -10.0 628.00 133.00 723.00 361.00 0.0 0.0 0.0 0.0 0.0 0.0 -10.0 0.796
41 8 Pedestrian 0 0 -10.0 519.00 133.00 541.00 203.00 0.0 0.0 0.0 0.0 0.0 0.0 -10.0 0.7173
41 33 Pedestrian 0 0 -10.0 532.00 129.00 637.00 364.00 0.0 0.0 0.0 0.0 0.0 0.0 -10.0 0.7859
41 7 Pedestrian 0 0 -10.0 546.00 138.00 568.00 204.00 0.0 0.0 0.0 0.0 0.0 0.0 -10.0 0.5146
41 77 Cyclist 0 0 -10.0 473.00 138.00 497.00 185.00 0.0 0.0 0.0 0.0 0.0 0.0 -10.0 0.276
41 60 Pedestrian 0 0 -10.0 481.00 139.00 501.00 184.00 0.0 0.0 0.0 0.0 0.0 0.0 -10.0 0.4361
42 1 Pedestrian 0 0 -10.0 1077.00 143.00 1224.00 364.00 0.0 0.0 0.0 0.0 0.0 0.0 -10.0 0.8174
42 26 Pedestrian 0 0 -10.0 644.00 132.00 736.00 363.00 0.0 0.0 0.0 0.0 0.0 0.0 -10.0 0.7999
42 8 Pedestrian 0 0 -10.0 519.00 135.00 540.00 204.00 0.0 0.0 0.0 0.0 0.0 0.0 -10.0 0.5723
42 33 Pedestrian 0 0 -10.0 539.00 128.00 651.00 365.00 0.0 0.0 0.0 0.0 0.0 0.0 -10.0 0.7723
42 7 Pedestrian 0 0 -10.0 547.00 139.00 569.00 211.00 0.0 0.0 0.0 0.0 0.0 0.0 -10.0 0.655
42 77 Cyclist 0 0 -10.0 470.00 137.00 497.00 185.00 0.0 0.0 0.0 0.0 0.0 0.0 -10.0 0.4957
43 1 Pedestrian 0 0 -10.0 1102.00 149.00 1224.00 363.00 0.0 0.0 0.0 0.0 0.0 0.0 -10.0 0.6082
43 26 Pedestrian 0 0 -10.0 659.00 131.00 756.00 365.00 0.0 0.0 0.0 0.0 0.0 0.0 -10.0 0.8362
43 8 Pedestrian 0 0 -10.0 520.00 135.00 540.00 205.00 0.0 0.0 0.0 0.0 0.0 0.0 -10.0 0.5706
43 33 Pedestrian 0 0 -10.0 559.00 128.00 663.00 364.00 0.0 0.0 0.0 0.0 0.0 0.0 -10.0 0.802
43 7 Pedestrian 0 0 -10.0 546.00 139.00 569.00 208.00 0.0 0.0 0.0 0.0 0.0 0.0 -10.0 0.3654
43 77 Cyclist 0 0 -10.0 470.00 138.00 495.00 185.00 0.0 0.0 0.0 0.0 0.0 0.0 -10.0 0.3527
43 36 Pedestrian 0 0 -10.0 523.00 138.00 614.00 345.00 0.0 0.0 0.0 0.0 0.0 0.0 -10.0 0.7471
44 26 Pedestrian 0 0 -10.0 669.00 130.00 776.00 367.00 0.0 0.0 0.0 0.0 0.0 0.0 -10.0 0.8124
44 8 Pedestrian 0 0 -10.0 521.00 133.00 541.00 203.00 0.0 0.0 0.0 0.0 0.0 0.0 -10.0 0.2807
44 33 Pedestrian 0 0 -10.0 573.00 125.00 681.00 364.00 0.0 0.0 0.0 0.0 0.0 0.0 -10.0 0.7768
44 7 Pedestrian 0 0 -10.0 549.00 139.00 570.00 207.00 0.0 0.0 0.0 0.0 0.0 0.0 -10.0 0.3033
44 77 Cyclist 0 0 -10.0 469.00 139.00 493.00 186.00 0.0 0.0 0.0 0.0 0.0 0.0 -10.0 0.2831
44 36 Pedestrian 0 0 -10.0 503.00 139.00 596.00 339.00 0.0 0.0 0.0 0.0 0.0 0.0 -10.0 0.7666
44 3 Pedestrian 0 0 -10.0 556.00 140.00 580.00 217.00 0.0 0.0 0.0 0.0 0.0 0.0 -10.0 0.6481
44 10 Pedestrian 0 0 -10.0 591.00 143.00 608.00 200.00 0.0 0.0 0.0 0.0 0.0 0.0 -10.0 0.3337
45 26 Pedestrian 0 0 -10.0 687.00 131.00 791.00 365.00 0.0 0.0 0.0 0.0 0.0 0.0 -10.0 0.7939
45 8 Pedestrian 0 0 -10.0 520.00 136.00 543.00 207.00 0.0 0.0 0.0 0.0 0.0 0.0 -10.0 0.1216
45 33 Pedestrian 0 0 -10.0 595.00 122.00 702.00 359.00 0.0 0.0 0.0 0.0 0.0 0.0 -10.0 0.7936
45 7 Pedestrian 0 0 -10.0 550.00 139.00 576.00 213.00 0.0 0.0 0.0 0.0 0.0 0.0 -10.0 0.4525
45 77 Cyclist 0 0 -10.0 465.00 139.00 490.00 186.00 0.0 0.0 0.0 0.0 0.0 0.0 -10.0 0.2034
45 36 Pedestrian 0 0 -10.0 487.00 142.00 572.00 336.00 0.0 0.0 0.0 0.0 0.0 0.0 -10.0 0.8518
45 3 Pedestrian 0 0 -10.0 555.00 139.00 582.00 221.00 0.0 0.0 0.0 0.0 0.0 0.0 -10.0 0.727
45 10 Pedestrian 0 0 -10.0 593.00 143.00 613.00 203.00 0.0 0.0 0.0 0.0 0.0 0.0 -10.0 0.626
46 26 Pedestrian 0 0 -10.0 702.00 130.00 808.00 363.00 0.0 0.0 0.0 0.0 0.0 0.0 -10.0 0.806
46 8 Pedestrian 0 0 -10.0 522.00 136.00 545.00 207.00 0.0 0.0 0.0 0.0 0.0 0.0 -10.0 0.6102
46 33 Pedestrian 0 0 -10.0 616.00 119.00 720.00 359.00 0.0 0.0 0.0 0.0 0.0 0.0 -10.0 0.777
46 7 Pedestrian 0 0 -10.0 551.00 139.00 578.00 214.00 0.0 0.0 0.0 0.0 0.0 0.0 -10.0 0.5921
46 77 Cyclist 0 0 -10.0 459.00 139.00 493.00 186.00 0.0 0.0 0.0 0.0 0.0 0.0 -10.0 0.136
46 36 Pedestrian 0 0 -10.0 471.00 146.00 543.00 335.00 0.0 0.0 0.0 0.0 0.0 0.0 -10.0 0.8043
46 3 Pedestrian 0 0 -10.0 555.00 140.00 584.00 222.00 0.0 0.0 0.0 0.0 0.0 0.0 -10.0 0.6713
46 10 Pedestrian 0 0 -10.0 595.00 143.00 616.00 206.00 0.0 0.0 0.0 0.0 0.0 0.0 -10.0 0.659
46 85 Pedestrian 0 0 -10.0 549.00 141.00 573.00 209.00 0.0 0.0 0.0 0.0 0.0 0.0 -10.0 0.4864
47 26 Pedestrian 0 0 -10.0 721.00 130.00 825.00 362.00 0.0 0.0 0.0 0.0 0.0 0.0 -10.0 0.8036
47 8 Pedestrian 0 0 -10.0 522.00 135.00 545.00 208.00 0.0 0.0 0.0 0.0 0.0 0.0 -10.0 0.7091
47 33 Pedestrian 0 0 -10.0 629.00 119.00 738.00 359.00 0.0 0.0 0.0 0.0 0.0 0.0 -10.0 0.7705
47 77 Cyclist 0 0 -10.0 459.00 140.00 491.00 184.00 0.0 0.0 0.0 0.0 0.0 0.0 -10.0 0.1091
47 36 Pedestrian 0 0 -10.0 451.00 144.00 527.00 332.00 0.0 0.0 0.0 0.0 0.0 0.0 -10.0 0.8111
47 3 Pedestrian 0 0 -10.0 555.00 140.00 584.00 223.00 0.0 0.0 0.0 0.0 0.0 0.0 -10.0 0.6145
47 10 Pedestrian 0 0 -10.0 597.00 143.00 620.00 208.00 0.0 0.0 0.0 0.0 0.0 0.0 -10.0 0.6606
47 85 Pedestrian 0 0 -10.0 550.00 141.00 574.00 210.00 0.0 0.0 0.0 0.0 0.0 0.0 -10.0 0.5965
47 58 Pedestrian 0 0 -10.0 564.00 142.00 592.00 222.00 0.0 0.0 0.0 0.0 0.0 0.0 -10.0 0.3806
48 26 Pedestrian 0 0 -10.0 737.00 129.00 839.00 362.00 0.0 0.0 0.0 0.0 0.0 0.0 -10.0 0.7767
48 8 Pedestrian 0 0 -10.0 521.00 134.00 545.00 208.00 0.0 0.0 0.0 0.0 0.0 0.0 -10.0 0.7011
48 33 Pedestrian 0 0 -10.0 645.00 117.00 760.00 360.00 0.0 0.0 0.0 0.0 0.0 0.0 -10.0 0.7722
48 36 Pedestrian 0 0 -10.0 428.00 146.00 512.00 332.00 0.0 0.0 0.0 0.0 0.0 0.0 -10.0 0.8088
48 3 Pedestrian 0 0 -10.0 554.00 140.00 582.00 223.00 0.0 0.0 0.0 0.0 0.0 0.0 -10.0 0.3776
48 10 Pedestrian 0 0 -10.0 597.00 143.00 621.00 208.00 0.0 0.0 0.0 0.0 0.0 0.0 -10.0 0.5986
48 85 Pedestrian 0 0 -10.0 549.00 140.00 572.00 209.00 0.0 0.0 0.0 0.0 0.0 0.0 -10.0 0.3207
48 58 Pedestrian 0 0 -10.0 561.00 141.00 590.00 224.00 0.0 0.0 0.0 0.0 0.0 0.0 -10.0 0.6477
48 7 Pedestrian 0 0 -10.0 552.00 140.00 579.00 210.00 0.0 0.0 0.0 0.0 0.0 0.0 -10.0 0.5489
49 26 Pedestrian 0 0 -10.0 754.00 129.00 865.00 363.00 0.0 0.0 0.0 0.0 0.0 0.0 -10.0 0.7735
49 8 Pedestrian 0 0 -10.0 520.00 132.00 546.00 208.00 0.0 0.0 0.0 0.0 0.0 0.0 -10.0 0.7371
49 33 Pedestrian 0 0 -10.0 665.00 115.00 777.00 360.00 0.0 0.0 0.0 0.0 0.0 0.0 -10.0 0.754
49 36 Pedestrian 0 0 -10.0 411.00 147.00 490.00 330.00 0.0 0.0 0.0 0.0 0.0 0.0 -10.0 0.826
49 10 Pedestrian 0 0 -10.0 600.00 142.00 624.00 208.00 0.0 0.0 0.0 0.0 0.0 0.0 -10.0 0.6632
49 85 Pedestrian 0 0 -10.0 550.00 139.00 573.00 205.00 0.0 0.0 0.0 0.0 0.0 0.0 -10.0 0.5427
49 58 Pedestrian 0 0 -10.0 564.00 140.00 593.00 224.00 0.0 0.0 0.0 0.0 0.0 0.0 -10.0 0.6913
49 7 Pedestrian 0 0 -10.0 555.00 140.00 581.00 209.00 0.0 0.0 0.0 0.0 0.0 0.0 -10.0 0.3059
50 26 Pedestrian 0 0 -10.0 775.00 130.00 885.00 365.00 0.0 0.0 0.0 0.0 0.0 0.0 -10.0 0.7426
50 8 Pedestrian 0 0 -10.0 520.00 131.00 546.00 209.00 0.0 0.0 0.0 0.0 0.0 0.0 -10.0 0.745
50 33 Pedestrian 0 0 -10.0 685.00 113.00 798.00 362.00 0.0 0.0 0.0 0.0 0.0 0.0 -10.0 0.7642
50 36 Pedestrian 0 0 -10.0 390.00 143.00 464.00 329.00 0.0 0.0 0.0 0.0 0.0 0.0 -10.0 0.7642
50 10 Pedestrian 0 0 -10.0 602.00 143.00 627.00 209.00 0.0 0.0 0.0 0.0 0.0 0.0 -10.0 0.6819
50 85 Pedestrian 0 0 -10.0 552.00 140.00 576.00 206.00 0.0 0.0 0.0 0.0 0.0 0.0 -10.0 0.5032
50 58 Pedestrian 0 0 -10.0 568.00 140.00 596.00 223.00 0.0 0.0 0.0 0.0 0.0 0.0 -10.0 0.7308
50 7 Pedestrian 0 0 -10.0 558.00 139.00 586.00 210.00 0.0 0.0 0.0 0.0 0.0 0.0 -10.0 0.508
50 77 Cyclist 0 0 -10.0 459.00 140.00 488.00 186.00 0.0 0.0 0.0 0.0 0.0 0.0 -10.0 0.2554
51 26 Pedestrian 0 0 -10.0 795.00 126.00 905.00 364.00 0.0 0.0 0.0 0.0 0.0 0.0 -10.0 0.6953
51 8 Pedestrian 0 0 -10.0 521.00 131.00 547.00 210.00 0.0 0.0 0.0 0.0 0.0 0.0 -10.0 0.7258
51 33 Pedestrian 0 0 -10.0 698.00 111.00 816.00 360.00 0.0 0.0 0.0 0.0 0.0 0.0 -10.0 0.7134
51 36 Pedestrian 0 0 -10.0 371.00 142.00 446.00 327.00 0.0 0.0 0.0 0.0 0.0 0.0 -10.0 0.778
51 10 Pedestrian 0 0 -10.0 605.00 145.00 630.00 209.00 0.0 0.0 0.0 0.0 0.0 0.0 -10.0 0.7295
51 85 Pedestrian 0 0 -10.0 553.00 139.00 578.00 208.00 0.0 0.0 0.0 0.0 0.0 0.0 -10.0 0.4601
51 58 Pedestrian 0 0 -10.0 572.00 140.00 601.00 225.00 0.0 0.0 0.0 0.0 0.0 0.0 -10.0 0.7525
51 7 Pedestrian 0 0 -10.0 563.00 138.00 591.00 213.00 0.0 0.0 0.0 0.0 0.0 0.0 -10.0 0.3457
51 77 Cyclist 0 0 -10.0 455.00 141.00 489.00 186.00 0.0 0.0 0.0 0.0 0.0 0.0 -10.0 0.1056
52 26 Pedestrian 0 0 -10.0 821.00 126.00 927.00 365.00 0.0 0.0 0.0 0.0 0.0 0.0 -10.0 0.7614
52 8 Pedestrian 0 0 -10.0 522.00 131.00 547.00 210.00 0.0 0.0 0.0 0.0 0.0 0.0 -10.0 0.683
52 33 Pedestrian 0 0 -10.0 713.00 111.00 837.00 361.00 0.0 0.0 0.0 0.0 0.0 0.0 -10.0 0.6737
52 36 Pedestrian 0 0 -10.0 346.00 143.00 435.00 326.00 0.0 0.0 0.0 0.0 0.0 0.0 -10.0 0.7843
52 10 Pedestrian 0 0 -10.0 607.00 145.00 632.00 209.00 0.0 0.0 0.0 0.0 0.0 0.0 -10.0 0.6888
52 85 Pedestrian 0 0 -10.0 553.00 138.00 579.00 208.00 0.0 0.0 0.0 0.0 0.0 0.0 -10.0 0.5646
52 58 Pedestrian 0 0 -10.0 574.00 141.00 604.00 227.00 0.0 0.0 0.0 0.0 0.0 0.0 -10.0 0.7487
52 7 Pedestrian 0 0 -10.0 567.00 140.00 594.00 214.00 0.0 0.0 0.0 0.0 0.0 0.0 -10.0 0.1131
52 77 Cyclist 0 0 -10.0 454.00 141.00 490.00 187.00 0.0 0.0 0.0 0.0 0.0 0.0 -10.0 0.1664
52 60 Cyclist 0 0 -10.0 472.00 141.00 502.00 186.00 0.0 0.0 0.0 0.0 0.0 0.0 -10.0 0.3243
52 3 Pedestrian 0 0 -10.0 557.00 140.00 583.00 213.00 0.0 0.0 0.0 0.0 0.0 0.0 -10.0 0.3936
53 26 Pedestrian 0 0 -10.0 844.00 125.00 957.00 366.00 0.0 0.0 0.0 0.0 0.0 0.0 -10.0 0.6482
53 8 Pedestrian 0 0 -10.0 523.00 131.00 548.00 210.00 0.0 0.0 0.0 0.0 0.0 0.0 -10.0 0.6562
53 33 Pedestrian 0 0 -10.0 731.00 110.00 860.00 360.00 0.0 0.0 0.0 0.0 0.0 0.0 -10.0 0.5704
53 36 Pedestrian 0 0 -10.0 329.00 144.00 418.00 326.00 0.0 0.0 0.0 0.0 0.0 0.0 -10.0 0.8415
53 10 Pedestrian 0 0 -10.0 609.00 145.00 633.00 210.00 0.0 0.0 0.0 0.0 0.0 0.0 -10.0 0.6936
53 85 Pedestrian 0 0 -10.0 553.00 138.00 579.00 209.00 0.0 0.0 0.0 0.0 0.0 0.0 -10.0 0.6455
53 58 Pedestrian 0 0 -10.0 577.00 141.00 607.00 230.00 0.0 0.0 0.0 0.0 0.0 0.0 -10.0 0.7345
53 7 Pedestrian 0 0 -10.0 568.00 141.00 594.00 213.00 0.0 0.0 0.0 0.0 0.0 0.0 -10.0 0.1136
53 77 Cyclist 0 0 -10.0 451.00 141.00 492.00 188.00 0.0 0.0 0.0 0.0 0.0 0.0 -10.0 0.1212
53 60 Cyclist 0 0 -10.0 470.00 140.00 502.00 186.00 0.0 0.0 0.0 0.0 0.0 0.0 -10.0 0.3734
54 26 Pedestrian 0 0 -10.0 848.00 126.00 997.00 366.00 0.0 0.0 0.0 0.0 0.0 0.0 -10.0 0.6612
54 8 Pedestrian 0 0 -10.0 523.00 130.00 549.00 211.00 0.0 0.0 0.0 0.0 0.0 0.0 -10.0 0.6996
54 33 Pedestrian 0 0 -10.0 749.00 111.00 881.00 360.00 0.0 0.0 0.0 0.0 0.0 0.0 -10.0 0.553
54 36 Pedestrian 0 0 -10.0 318.00 142.00 399.00 323.00 0.0 0.0 0.0 0.0 0.0 0.0 -10.0 0.6882
54 10 Pedestrian 0 0 -10.0 611.00 144.00 636.00 210.00 0.0 0.0 0.0 0.0 0.0 0.0 -10.0 0.6622
54 85 Pedestrian 0 0 -10.0 553.00 139.00 580.00 210.00 0.0 0.0 0.0 0.0 0.0 0.0 -10.0 0.6693
54 58 Pedestrian 0 0 -10.0 579.00 141.00 611.00 231.00 0.0 0.0 0.0 0.0 0.0 0.0 -10.0 0.7582
54 7 Pedestrian 0 0 -10.0 566.00 140.00 592.00 211.00 0.0 0.0 0.0 0.0 0.0 0.0 -10.0 0.1076
54 101 Pedestrian 0 0 -10.0 748.00 115.00 936.00 362.00 0.0 0.0 0.0 0.0 0.0 0.0 -10.0 0.5813
55 26 Pedestrian 0 0 -10.0 865.00 128.00 1037.00 364.00 0.0 0.0 0.0 0.0 0.0 0.0 -10.0 0.8004
55 8 Pedestrian 0 0 -10.0 524.00 130.00 550.00 211.00 0.0 0.0 0.0 0.0 0.0 0.0 -10.0 0.7101
55 33 Pedestrian 0 0 -10.0 771.00 106.00 907.00 361.00 0.0 0.0 0.0 0.0 0.0 0.0 -10.0 0.467
55 36 Pedestrian 0 0 -10.0 308.00 143.00 380.00 320.00 0.0 0.0 0.0 0.0 0.0 0.0 -10.0 0.6365
55 10 Pedestrian 0 0 -10.0 615.00 143.00 638.00 210.00 0.0 0.0 0.0 0.0 0.0 0.0 -10.0 0.6184
55 85 Pedestrian 0 0 -10.0 554.00 138.00 581.00 209.00 0.0 0.0 0.0 0.0 0.0 0.0 -10.0 0.7082
55 58 Pedestrian 0 0 -10.0 583.00 140.00 615.00 231.00 0.0 0.0 0.0 0.0 0.0 0.0 -10.0 0.7273
55 101 Pedestrian 0 0 -10.0 761.00 110.00 961.00 362.00 0.0 0.0 0.0 0.0 0.0 0.0 -10.0 0.7303
55 104 Pedestrian 0 0 -10.0 586.00 139.00 613.00 211.00 0.0 0.0 0.0 0.0 0.0 0.0 -10.0 0.3738
56 26 Pedestrian 0 0 -10.0 887.00 129.00 1072.00 364.00 0.0 0.0 0.0 0.0 0.0 0.0 -10.0 0.8335
56 8 Pedestrian 0 0 -10.0 525.00 132.00 552.00 212.00 0.0 0.0 0.0 0.0 0.0 0.0 -10.0 0.7139
56 33 Pedestrian 0 0 -10.0 800.00 105.00 935.00 359.00 0.0 0.0 0.0 0.0 0.0 0.0 -10.0 0.1505
56 36 Pedestrian 0 0 -10.0 291.00 147.00 362.00 319.00 0.0 0.0 0.0 0.0 0.0 0.0 -10.0 0.7785
56 10 Pedestrian 0 0 -10.0 616.00 144.00 640.00 211.00 0.0 0.0 0.0 0.0 0.0 0.0 -10.0 0.5284
56 85 Pedestrian 0 0 -10.0 560.00 141.00 587.00 211.00 0.0 0.0 0.0 0.0 0.0 0.0 -10.0 0.1097
56 58 Pedestrian 0 0 -10.0 585.00 140.00 618.00 232.00 0.0 0.0 0.0 0.0 0.0 0.0 -10.0 0.7012
56 101 Pedestrian 0 0 -10.0 784.00 106.00 988.00 362.00 0.0 0.0 0.0 0.0 0.0 0.0 -10.0 0.7945
56 104 Pedestrian 0 0 -10.0 591.00 140.00 622.00 228.00 0.0 0.0 0.0 0.0 0.0 0.0 -10.0 0.5513
56 3 Pedestrian 0 0 -10.0 557.00 139.00 582.00 210.00 0.0 0.0 0.0 0.0 0.0 0.0 -10.0 0.6875
56 77 Cyclist 0 0 -10.0 451.00 142.00 494.00 187.00 0.0 0.0 0.0 0.0 0.0 0.0 -10.0 0.2982
57 26 Pedestrian 0 0 -10.0 909.00 125.00 1104.00 363.00 0.0 0.0 0.0 0.0 0.0 0.0 -10.0 0.8338
57 8 Pedestrian 0 0 -10.0 526.00 133.00 553.00 214.00 0.0 0.0 0.0 0.0 0.0 0.0 -10.0 0.7249
57 36 Pedestrian 0 0 -10.0 276.00 146.00 350.00 320.00 0.0 0.0 0.0 0.0 0.0 0.0 -10.0 0.79
57 10 Pedestrian 0 0 -10.0 619.00 144.00 642.00 211.00 0.0 0.0 0.0 0.0 0.0 0.0 -10.0 0.5154
57 85 Pedestrian 0 0 -10.0 560.00 140.00 586.00 211.00 0.0 0.0 0.0 0.0 0.0 0.0 -10.0 0.7433
57 58 Pedestrian 0 0 -10.0 589.00 141.00 621.00 229.00 0.0 0.0 0.0 0.0 0.0 0.0 -10.0 0.5758
57 101 Pedestrian 0 0 -10.0 808.00 109.00 1006.00 364.00 0.0 0.0 0.0 0.0 0.0 0.0 -10.0 0.8106
57 104 Pedestrian 0 0 -10.0 593.00 142.00 628.00 236.00 0.0 0.0 0.0 0.0 0.0 0.0 -10.0 0.733
57 77 Cyclist 0 0 -10.0 446.00 142.00 490.00 186.00 0.0 0.0 0.0 0.0 0.0 0.0 -10.0 0.2447
58 26 Pedestrian 0 0 -10.0 929.00 121.00 1145.00 362.00 0.0 0.0 0.0 0.0 0.0 0.0 -10.0 0.8247
58 8 Pedestrian 0 0 -10.0 528.00 133.00 555.00 214.00 0.0 0.0 0.0 0.0 0.0 0.0 -10.0 0.7547
58 36 Pedestrian 0 0 -10.0 259.00 147.00 326.00 314.00 0.0 0.0 0.0 0.0 0.0 0.0 -10.0 0.7373
58 10 Pedestrian 0 0 -10.0 621.00 144.00 644.00 211.00 0.0 0.0 0.0 0.0 0.0 0.0 -10.0 0.6889
58 85 Pedestrian 0 0 -10.0 561.00 139.00 587.00 213.00 0.0 0.0 0.0 0.0 0.0 0.0 -10.0 0.7612
58 58 Pedestrian 0 0 -10.0 590.00 141.00 619.00 219.00 0.0 0.0 0.0 0.0 0.0 0.0 -10.0 0.1934
58 101 Pedestrian 0 0 -10.0 830.00 111.00 1042.00 361.00 0.0 0.0 0.0 0.0 0.0 0.0 -10.0 0.8488
58 104 Pedestrian 0 0 -10.0 595.00 142.00 632.00 238.00 0.0 0.0 0.0 0.0 0.0 0.0 -10.0 0.7499
58 77 Cyclist 0 0 -10.0 443.00 143.00 487.00 187.00 0.0 0.0 0.0 0.0 0.0 0.0 -10.0 0.3579
59 26 Pedestrian 0 0 -10.0 956.00 122.00 1177.00 362.00 0.0 0.0 0.0 0.0 0.0 0.0 -10.0 0.8401
59 8 Pedestrian 0 0 -10.0 530.00 132.00 558.00 215.00 0.0 0.0 0.0 0.0 0.0 0.0 -10.0 0.7514
59 36 Pedestrian 0 0 -10.0 247.00 147.00 311.00 310.00 0.0 0.0 0.0 0.0 0.0 0.0 -10.0 0.6873
59 10 Pedestrian 0 0 -10.0 624.00 143.00 647.00 208.00 0.0 0.0 0.0 0.0 0.0 0.0 -10.0 0.5119
59 85 Pedestrian 0 0 -10.0 562.00 138.00 588.00 213.00 0.0 0.0 0.0 0.0 0.0 0.0 -10.0 0.7421
59 58 Pedestrian 0 0 -10.0 593.00 141.00 624.00 210.00 0.0 0.0 0.0 0.0 0.0 0.0 -10.0 0.1262
59 101 Pedestrian 0 0 -10.0 859.00 109.00 1077.00 361.00 0.0 0.0 0.0 0.0 0.0 0.0 -10.0 0.8384
59 104 Pedestrian 0 0 -10.0 598.00 140.00 635.00 240.00 0.0 0.0 0.0 0.0 0.0 0.0 -10.0 0.7659
59 77 Cyclist 0 0 -10.0 443.00 143.00 485.00 187.00 0.0 0.0 0.0 0.0 0.0 0.0 -10.0 0.584
60 26 Pedestrian 0 0 -10.0 987.00 124.00 1213.00 362.00 0.0 0.0 0.0 0.0 0.0 0.0 -10.0 0.8497
60 8 Pedestrian 0 0 -10.0 532.00 131.00 559.00 215.00 0.0 0.0 0.0 0.0 0.0 0.0 -10.0 0.7581
60 36 Pedestrian 0 0 -10.0 239.00 146.00 301.00 308.00 0.0 0.0 0.0 0.0 0.0 0.0 -10.0 0.7125
60 10 Pedestrian 0 0 -10.0 624.00 143.00 648.00 211.00 0.0 0.0 0.0 0.0 0.0 0.0 -10.0 0.5367
60 85 Pedestrian 0 0 -10.0 562.00 138.00 590.00 214.00 0.0 0.0 0.0 0.0 0.0 0.0 -10.0 0.7498
60 101 Pedestrian 0 0 -10.0 884.00 103.00 1115.00 361.00 0.0 0.0 0.0 0.0 0.0 0.0 -10.0 0.8707
60 104 Pedestrian 0 0 -10.0 600.00 140.00 638.00 242.00 0.0 0.0 0.0 0.0 0.0 0.0 -10.0 0.7531
60 77 Cyclist 0 0 -10.0 443.00 143.00 484.00 187.00 0.0 0.0 0.0 0.0 0.0 0.0 -10.0 0.6485
60 109 Pedestrian 0 0 -10.0 620.00 141.00 644.00 211.00 0.0 0.0 0.0 0.0 0.0 0.0 -10.0 0.5864
61 26 Pedestrian 0 0 -10.0 1022.00 125.00 1224.00 364.00 0.0 0.0 0.0 0.0 0.0 0.0 -10.0 0.8762
61 8 Pedestrian 0 0 -10.0 534.00 130.00 561.00 215.00 0.0 0.0 0.0 0.0 0.0 0.0 -10.0 0.7164
61 36 Pedestrian 0 0 -10.0 229.00 151.00 294.00 308.00 0.0 0.0 0.0 0.0 0.0 0.0 -10.0 0.5643
61 10 Pedestrian 0 0 -10.0 625.00 143.00 652.00 212.00 0.0 0.0 0.0 0.0 0.0 0.0 -10.0 0.1292
61 85 Pedestrian 0 0 -10.0 562.00 138.00 590.00 215.00 0.0 0.0 0.0 0.0 0.0 0.0 -10.0 0.7387
61 101 Pedestrian 0 0 -10.0 907.00 95.00 1149.00 363.00 0.0 0.0 0.0 0.0 0.0 0.0 -10.0 0.8789
61 104 Pedestrian 0 0 -10.0 603.00 140.00 643.00 243.00 0.0 0.0 0.0 0.0 0.0 0.0 -10.0 0.8093
61 77 Cyclist 0 0 -10.0 441.00 142.00 482.00 187.00 0.0 0.0 0.0 0.0 0.0 0.0 -10.0 0.4262
61 109 Pedestrian 0 0 -10.0 619.00 142.00 648.00 218.00 0.0 0.0 0.0 0.0 0.0 0.0 -10.0 0.3868
62 26 Pedestrian 0 0 -10.0 1059.00 124.00 1224.00 364.00 0.0 0.0 0.0 0.0 0.0 0.0 -10.0 0.8886
62 8 Pedestrian 0 0 -10.0 535.00 131.00 563.00 216.00 0.0 0.0 0.0 0.0 0.0 0.0 -10.0 0.7193
62 10 Pedestrian 0 0 -10.0 627.00 143.00 653.00 214.00 0.0 0.0 0.0 0.0 0.0 0.0 -10.0 0.1727
62 85 Pedestrian 0 0 -10.0 564.00 138.00 591.00 216.00 0.0 0.0 0.0 0.0 0.0 0.0 -10.0 0.714
62 101 Pedestrian 0 0 -10.0 933.00 97.00 1189.00 362.00 0.0 0.0 0.0 0.0 0.0 0.0 -10.0 0.8892
62 104 Pedestrian 0 0 -10.0 607.00 141.00 648.00 243.00 0.0 0.0 0.0 0.0 0.0 0.0 -10.0 0.7837
62 77 Cyclist 0 0 -10.0 439.00 142.00 478.00 188.00 0.0 0.0 0.0 0.0 0.0 0.0 -10.0 0.3824
62 109 Pedestrian 0 0 -10.0 615.00 143.00 647.00 219.00 0.0 0.0 0.0 0.0 0.0 0.0 -10.0 0.3448
63 26 Pedestrian 0 0 -10.0 1066.00 117.00 1224.00 363.00 0.0 0.0 0.0 0.0 0.0 0.0 -10.0 0.757
63 8 Pedestrian 0 0 -10.0 536.00 132.00 564.00 216.00 0.0 0.0 0.0 0.0 0.0 0.0 -10.0 0.7023
63 10 Pedestrian 0 0 -10.0 624.00 141.00 655.00 220.00 0.0 0.0 0.0 0.0 0.0 0.0 -10.0 0.2413
63 85 Pedestrian 0 0 -10.0 564.00 138.00 593.00 216.00 0.0 0.0 0.0 0.0 0.0 0.0 -10.0 0.727
63 101 Pedestrian 0 0 -10.0 962.00 105.00 1220.00 362.00 0.0 0.0 0.0 0.0 0.0 0.0 -10.0 0.8947
63 104 Pedestrian 0 0 -10.0 611.00 140.00 651.00 244.00 0.0 0.0 0.0 0.0 0.0 0.0 -10.0 0.7826
63 77 Cyclist 0 0 -10.0 434.00 141.00 473.00 190.00 0.0 0.0 0.0 0.0 0.0 0.0 -10.0 0.5429
63 109 Pedestrian 0 0 -10.0 611.00 142.00 642.00 222.00 0.0 0.0 0.0 0.0 0.0 0.0 -10.0 0.1198
64 26 Pedestrian 0 0 -10.0 1076.00 108.00 1224.00 365.00 0.0 0.0 0.0 0.0 0.0 0.0 -10.0 0.2033
64 8 Pedestrian 0 0 -10.0 536.00 131.00 565.00 216.00 0.0 0.0 0.0 0.0 0.0 0.0 -10.0 0.7278
64 85 Pedestrian 0 0 -10.0 565.00 137.00 596.00 217.00 0.0 0.0 0.0 0.0 0.0 0.0 -10.0 0.7276
64 101 Pedestrian 0 0 -10.0 998.00 106.00 1223.00 363.00 0.0 0.0 0.0 0.0 0.0 0.0 -10.0 0.8899
64 104 Pedestrian 0 0 -10.0 616.00 140.00 657.00 245.00 0.0 0.0 0.0 0.0 0.0 0.0 -10.0 0.8156
64 77 Cyclist 0 0 -10.0 431.00 141.00 469.00 191.00 0.0 0.0 0.0 0.0 0.0 0.0 -10.0 0.6305
65 8 Pedestrian 0 0 -10.0 536.00 130.00 565.00 218.00 0.0 0.0 0.0 0.0 0.0 0.0 -10.0 0.753
65 85 Pedestrian 0 0 -10.0 568.00 138.00 598.00 217.00 0.0 0.0 0.0 0.0 0.0 0.0 -10.0 0.7397
65 101 Pedestrian 0 0 -10.0 1037.00 98.00 1224.00 362.00 0.0 0.0 0.0 0.0 0.0 0.0 -10.0 0.8665
65 104 Pedestrian 0 0 -10.0 621.00 140.00 662.00 246.00 0.0 0.0 0.0 0.0 0.0 0.0 -10.0 0.8043
65 77 Cyclist 0 0 -10.0 428.00 141.00 466.00 191.00 0.0 0.0 0.0 0.0 0.0 0.0 -10.0 0.625
66 8 Pedestrian 0 0 -10.0 537.00 131.00 565.00 217.00 0.0 0.0 0.0 0.0 0.0 0.0 -10.0 0.6668
66 85 Pedestrian 0 0 -10.0 569.00 139.00 600.00 217.00 0.0 0.0 0.0 0.0 0.0 0.0 -10.0 0.7452
66 101 Pedestrian 0 0 -10.0 1075.00 96.00 1224.00 364.00 0.0 0.0 0.0 0.0 0.0 0.0 -10.0 0.6783
66 104 Pedestrian 0 0 -10.0 624.00 141.00 666.00 247.00 0.0 0.0 0.0 0.0 0.0 0.0 -10.0 0.7833
66 77 Cyclist 0 0 -10.0 424.00 142.00 462.00 191.00 0.0 0.0 0.0 0.0 0.0 0.0 -10.0 0.6755
67 8 Pedestrian 0 0 -10.0 538.00 132.00 566.00 218.00 0.0 0.0 0.0 0.0 0.0 0.0 -10.0 0.7178
67 85 Pedestrian 0 0 -10.0 572.00 139.00 602.00 218.00 0.0 0.0 0.0 0.0 0.0 0.0 -10.0 0.7678
67 101 Pedestrian 0 0 -10.0 1107.00 123.00 1223.00 365.00 0.0 0.0 0.0 0.0 0.0 0.0 -10.0 0.5262
67 104 Pedestrian 0 0 -10.0 627.00 142.00 670.00 249.00 0.0 0.0 0.0 0.0 0.0 0.0 -10.0 0.7302
67 77 Cyclist 0 0 -10.0 421.00 142.00 459.00 191.00 0.0 0.0 0.0 0.0 0.0 0.0 -10.0 0.5498
68 8 Pedestrian 0 0 -10.0 539.00 133.00 568.00 219.00 0.0 0.0 0.0 0.0 0.0 0.0 -10.0 0.7256
68 85 Pedestrian 0 0 -10.0 575.00 139.00 606.00 219.00 0.0 0.0 0.0 0.0 0.0 0.0 -10.0 0.798
68 104 Pedestrian 0 0 -10.0 633.00 140.00 676.00 250.00 0.0 0.0 0.0 0.0 0.0 0.0 -10.0 0.7999
68 77 Cyclist 0 0 -10.0 419.00 141.00 456.00 191.00 0.0 0.0 0.0 0.0 0.0 0.0 -10.0 0.5877
69 8 Pedestrian 0 0 -10.0 540.00 132.00 569.00 219.00 0.0 0.0 0.0 0.0 0.0 0.0 -10.0 0.7298
69 85 Pedestrian 0 0 -10.0 577.00 137.00 607.00 218.00 0.0 0.0 0.0 0.0 0.0 0.0 -10.0 0.7704
69 104 Pedestrian 0 0 -10.0 637.00 139.00 680.00 252.00 0.0 0.0 0.0 0.0 0.0 0.0 -10.0 0.7901
69 77 Cyclist 0 0 -10.0 415.00 142.00 454.00 191.00 0.0 0.0 0.0 0.0 0.0 0.0 -10.0 0.5498
70 8 Pedestrian 0 0 -10.0 540.00 131.00 570.00 219.00 0.0 0.0 0.0 0.0 0.0 0.0 -10.0 0.7162
70 85 Pedestrian 0 0 -10.0 579.00 138.00 610.00 220.00 0.0 0.0 0.0 0.0 0.0 0.0 -10.0 0.764
70 104 Pedestrian 0 0 -10.0 641.00 140.00 686.00 254.00 0.0 0.0 0.0 0.0 0.0 0.0 -10.0 0.7741
70 77 Cyclist 0 0 -10.0 414.00 141.00 453.00 190.00 0.0 0.0 0.0 0.0 0.0 0.0 -10.0 0.6632
71 8 Pedestrian 0 0 -10.0 540.00 130.00 571.00 221.00 0.0 0.0 0.0 0.0 0.0 0.0 -10.0 0.7381
71 85 Pedestrian 0 0 -10.0 581.00 140.00 613.00 221.00 0.0 0.0 0.0 0.0 0.0 0.0 -10.0 0.7599
71 104 Pedestrian 0 0 -10.0 647.00 142.00 693.00 257.00 0.0 0.0 0.0 0.0 0.0 0.0 -10.0 0.7915
71 77 Cyclist 0 0 -10.0 412.00 141.00 452.00 190.00 0.0 0.0 0.0 0.0 0.0 0.0 -10.0 0.5241
71 10 Pedestrian 0 0 -10.0 643.00 144.00 679.00 221.00 0.0 0.0 0.0 0.0 0.0 0.0 -10.0 0.4271
72 8 Pedestrian 0 0 -10.0 541.00 131.00 572.00 222.00 0.0 0.0 0.0 0.0 0.0 0.0 -10.0 0.741
72 85 Pedestrian 0 0 -10.0 585.00 139.00 616.00 221.00 0.0 0.0 0.0 0.0 0.0 0.0 -10.0 0.7594
72 104 Pedestrian 0 0 -10.0 651.00 142.00 699.00 259.00 0.0 0.0 0.0 0.0 0.0 0.0 -10.0 0.7636
72 77 Cyclist 0 0 -10.0 412.00 141.00 450.00 190.00 0.0 0.0 0.0 0.0 0.0 0.0 -10.0 0.4722
72 10 Pedestrian 0 0 -10.0 646.00 143.00 676.00 217.00 0.0 0.0 0.0 0.0 0.0 0.0 -10.0 0.3845
73 8 Pedestrian 0 0 -10.0 541.00 131.00 572.00 224.00 0.0 0.0 0.0 0.0 0.0 0.0 -10.0 0.7689
73 85 Pedestrian 0 0 -10.0 587.00 139.00 618.00 222.00 0.0 0.0 0.0 0.0 0.0 0.0 -10.0 0.7453
73 104 Pedestrian 0 0 -10.0 658.00 142.00 706.00 262.00 0.0 0.0 0.0 0.0 0.0 0.0 -10.0 0.7568
73 77 Cyclist 0 0 -10.0 410.00 141.00 449.00 189.00 0.0 0.0 0.0 0.0 0.0 0.0 -10.0 0.3594
73 10 Pedestrian 0 0 -10.0 646.00 145.00 675.00 219.00 0.0 0.0 0.0 0.0 0.0 0.0 -10.0 0.5466
74 8 Pedestrian 0 0 -10.0 541.00 130.00 573.00 225.00 0.0 0.0 0.0 0.0 0.0 0.0 -10.0 0.7778
74 85 Pedestrian 0 0 -10.0 589.00 139.00 621.00 223.00 0.0 0.0 0.0 0.0 0.0 0.0 -10.0 0.7512
74 104 Pedestrian 0 0 -10.0 667.00 141.00 713.00 262.00 0.0 0.0 0.0 0.0 0.0 0.0 -10.0 0.7788
74 77 Cyclist 0 0 -10.0 409.00 141.00 448.00 189.00 0.0 0.0 0.0 0.0 0.0 0.0 -10.0 0.4241
74 10 Pedestrian 0 0 -10.0 648.00 146.00 676.00 220.00 0.0 0.0 0.0 0.0 0.0 0.0 -10.0 0.6032
74 118 Pedestrian 0 0 -10.0 545.00 133.00 570.00 209.00 0.0 0.0 0.0 0.0 0.0 0.0 -10.0 0.3578
75 8 Pedestrian 0 0 -10.0 541.00 129.00 575.00 227.00 0.0 0.0 0.0 0.0 0.0 0.0 -10.0 0.7549
75 85 Pedestrian 0 0 -10.0 592.00 140.00 626.00 224.00 0.0 0.0 0.0 0.0 0.0 0.0 -10.0 0.7917
75 104 Pedestrian 0 0 -10.0 671.00 142.00 720.00 263.00 0.0 0.0 0.0 0.0 0.0 0.0 -10.0 0.7936
75 77 Cyclist 0 0 -10.0 408.00 143.00 447.00 188.00 0.0 0.0 0.0 0.0 0.0 0.0 -10.0 0.3373
75 10 Pedestrian 0 0 -10.0 651.00 148.00 679.00 222.00 0.0 0.0 0.0 0.0 0.0 0.0 -10.0 0.7192
75 118 Pedestrian 0 0 -10.0 544.00 131.00 571.00 212.00 0.0 0.0 0.0 0.0 0.0 0.0 -10.0 0.1469
76 8 Pedestrian 0 0 -10.0 543.00 127.00 577.00 228.00 0.0 0.0 0.0 0.0 0.0 0.0 -10.0 0.7768
76 85 Pedestrian 0 0 -10.0 595.00 141.00 630.00 225.00 0.0 0.0 0.0 0.0 0.0 0.0 -10.0 0.7641
76 104 Pedestrian 0 0 -10.0 677.00 143.00 730.00 266.00 0.0 0.0 0.0 0.0 0.0 0.0 -10.0 0.8382
76 77 Cyclist 0 0 -10.0 404.00 142.00 441.00 188.00 0.0 0.0 0.0 0.0 0.0 0.0 -10.0 0.307
76 10 Pedestrian 0 0 -10.0 654.00 148.00 682.00 222.00 0.0 0.0 0.0 0.0 0.0 0.0 -10.0 0.7412
76 118 Pedestrian 0 0 -10.0 546.00 129.00 574.00 214.00 0.0 0.0 0.0 0.0 0.0 0.0 -10.0 0.1994
77 8 Pedestrian 0 0 -10.0 545.00 127.00 579.00 229.00 0.0 0.0 0.0 0.0 0.0 0.0 -10.0 0.7676
77 85 Pedestrian 0 0 -10.0 599.00 141.00 633.00 225.00 0.0 0.0 0.0 0.0 0.0 0.0 -10.0 0.7431
77 104 Pedestrian 0 0 -10.0 681.00 142.00 735.00 267.00 0.0 0.0 0.0 0.0 0.0 0.0 -10.0 0.8366
77 77 Cyclist 0 0 -10.0 403.00 142.00 439.00 188.00 0.0 0.0 0.0 0.0 0.0 0.0 -10.0 0.2551
77 10 Pedestrian 0 0 -10.0 657.00 147.00 686.00 223.00 0.0 0.0 0.0 0.0 0.0 0.0 -10.0 0.7488
77 118 Pedestrian 0 0 -10.0 547.00 130.00 575.00 215.00 0.0 0.0 0.0 0.0 0.0 0.0 -10.0 0.2978
78 8 Pedestrian 0 0 -10.0 546.00 128.00 580.00 230.00 0.0 0.0 0.0 0.0 0.0 0.0 -10.0 0.7521
78 85 Pedestrian 0 0 -10.0 602.00 141.00 636.00 227.00 0.0 0.0 0.0 0.0 0.0 0.0 -10.0 0.7886
78 104 Pedestrian 0 0 -10.0 691.00 140.00 742.00 269.00 0.0 0.0 0.0 0.0 0.0 0.0 -10.0 0.8391
78 77 Cyclist 0 0 -10.0 402.00 141.00 438.00 187.00 0.0 0.0 0.0 0.0 0.0 0.0 -10.0 0.212
78 10 Pedestrian 0 0 -10.0 660.00 147.00 690.00 224.00 0.0 0.0 0.0 0.0 0.0 0.0 -10.0 0.724
79 8 Pedestrian 0 0 -10.0 548.00 128.00 582.00 232.00 0.0 0.0 0.0 0.0 0.0 0.0 -10.0 0.7747
79 85 Pedestrian 0 0 -10.0 604.00 141.00 638.00 228.00 0.0 0.0 0.0 0.0 0.0 0.0 -10.0 0.8097
79 104 Pedestrian 0 0 -10.0 698.00 139.00 748.00 273.00 0.0 0.0 0.0 0.0 0.0 0.0 -10.0 0.795
79 77 Cyclist 0 0 -10.0 402.00 141.00 437.00 187.00 0.0 0.0 0.0 0.0 0.0 0.0 -10.0 0.3374
79 10 Pedestrian 0 0 -10.0 662.00 147.00 693.00 224.00 0.0 0.0 0.0 0.0 0.0 0.0 -10.0 0.7551
80 8 Pedestrian 0 0 -10.0 549.00 128.00 584.00 233.00 0.0 0.0 0.0 0.0 0.0 0.0 -10.0 0.7748
80 85 Pedestrian 0 0 -10.0 606.00 141.00 641.00 230.00 0.0 0.0 0.0 0.0 0.0 0.0 -10.0 0.775
80 104 Pedestrian 0 0 -10.0 702.00 140.00 755.00 277.00 0.0 0.0 0.0 0.0 0.0 0.0 -10.0 0.8185
80 77 Cyclist 0 0 -10.0 403.00 141.00 437.00 185.00 0.0 0.0 0.0 0.0 0.0 0.0 -10.0 0.3502
80 10 Pedestrian 0 0 -10.0 664.00 148.00 696.00 225.00 0.0 0.0 0.0 0.0 0.0 0.0 -10.0 0.7735
81 8 Pedestrian 0 0 -10.0 550.00 128.00 586.00 234.00 0.0 0.0 0.0 0.0 0.0 0.0 -10.0 0.7456
81 85 Pedestrian 0 0 -10.0 608.00 141.00 643.00 230.00 0.0 0.0 0.0 0.0 0.0 0.0 -10.0 0.7756
81 104 Pedestrian 0 0 -10.0 707.00 142.00 763.00 280.00 0.0 0.0 0.0 0.0 0.0 0.0 -10.0 0.8407
81 77 Cyclist 0 0 -10.0 399.00 141.00 436.00 187.00 0.0 0.0 0.0 0.0 0.0 0.0 -10.0 0.301
81 10 Pedestrian 0 0 -10.0 666.00 147.00 699.00 226.00 0.0 0.0 0.0 0.0 0.0 0.0 -10.0 0.8034
82 8 Pedestrian 0 0 -10.0 551.00 128.00 587.00 234.00 0.0 0.0 0.0 0.0 0.0 0.0 -10.0 0.7383
82 85 Pedestrian 0 0 -10.0 610.00 141.00 647.00 231.00 0.0 0.0 0.0 0.0 0.0 0.0 -10.0 0.7661
82 104 Pedestrian 0 0 -10.0 713.00 143.00 769.00 283.00 0.0 0.0 0.0 0.0 0.0 0.0 -10.0 0.8161
82 77 Cyclist 0 0 -10.0 398.00 141.00 435.00 187.00 0.0 0.0 0.0 0.0 0.0 0.0 -10.0 0.2811
82 10 Pedestrian 0 0 -10.0 669.00 146.00 702.00 226.00 0.0 0.0 0.0 0.0 0.0 0.0 -10.0 0.7795
83 8 Pedestrian 0 0 -10.0 551.00 127.00 590.00 237.00 0.0 0.0 0.0 0.0 0.0 0.0 -10.0 0.7617
83 85 Pedestrian 0 0 -10.0 614.00 141.00 650.00 232.00 0.0 0.0 0.0 0.0 0.0 0.0 -10.0 0.7648
83 104 Pedestrian 0 0 -10.0 722.00 141.00 779.00 285.00 0.0 0.0 0.0 0.0 0.0 0.0 -10.0 0.8349
83 77 Cyclist 0 0 -10.0 395.00 141.00 434.00 187.00 0.0 0.0 0.0 0.0 0.0 0.0 -10.0 0.1406
83 10 Pedestrian 0 0 -10.0 672.00 146.00 707.00 228.00 0.0 0.0 0.0 0.0 0.0 0.0 -10.0 0.7597
84 8 Pedestrian 0 0 -10.0 552.00 128.00 593.00 237.00 0.0 0.0 0.0 0.0 0.0 0.0 -10.0 0.7836
84 85 Pedestrian 0 0 -10.0 616.00 140.00 653.00 234.00 0.0 0.0 0.0 0.0 0.0 0.0 -10.0 0.7332
84 104 Pedestrian 0 0 -10.0 733.00 142.00 788.00 287.00 0.0 0.0 0.0 0.0 0.0 0.0 -10.0 0.8165
84 10 Pedestrian 0 0 -10.0 674.00 147.00 710.00 229.00 0.0 0.0 0.0 0.0 0.0 0.0 -10.0 0.7462
85 8 Pedestrian 0 0 -10.0 556.00 128.00 596.00 238.00 0.0 0.0 0.0 0.0 0.0 0.0 -10.0 0.7835
85 85 Pedestrian 0 0 -10.0 619.00 141.00 656.00 236.00 0.0 0.0 0.0 0.0 0.0 0.0 -10.0 0.7619
85 104 Pedestrian 0 0 -10.0 739.00 142.00 797.00 289.00 0.0 0.0 0.0 0.0 0.0 0.0 -10.0 0.8487
85 10 Pedestrian 0 0 -10.0 676.00 148.00 713.00 229.00 0.0 0.0 0.0 0.0 0.0 0.0 -10.0 0.748
86 8 Pedestrian 0 0 -10.0 559.00 128.00 599.00 240.00 0.0 0.0 0.0 0.0 0.0 0.0 -10.0 0.7934
86 85 Pedestrian 0 0 -10.0 621.00 142.00 660.00 237.00 0.0 0.0 0.0 0.0 0.0 0.0 -10.0 0.8019
86 104 Pedestrian 0 0 -10.0 745.00 144.00 807.00 292.00 0.0 0.0 0.0 0.0 0.0 0.0 -10.0 0.8382
86 10 Pedestrian 0 0 -10.0 679.00 147.00 716.00 230.00 0.0 0.0 0.0 0.0 0.0 0.0 -10.0 0.7867
86 77 Cyclist 0 0 -10.0 390.00 140.00 432.00 191.00 0.0 0.0 0.0 0.0 0.0 0.0 -10.0 0.3445
87 8 Pedestrian 0 0 -10.0 562.00 127.00 601.00 241.00 0.0 0.0 0.0 0.0 0.0 0.0 -10.0 0.8364
87 85 Pedestrian 0 0 -10.0 624.00 141.00 663.00 238.00 0.0 0.0 0.0 0.0 0.0 0.0 -10.0 0.7754
87 104 Pedestrian 0 0 -10.0 753.00 144.00 815.00 296.00 0.0 0.0 0.0 0.0 0.0 0.0 -10.0 0.8698
87 10 Pedestrian 0 0 -10.0 682.00 146.00 719.00 230.00 0.0 0.0 0.0 0.0 0.0 0.0 -10.0 0.7917
87 77 Cyclist 0 0 -10.0 390.00 140.00 432.00 191.00 0.0 0.0 0.0 0.0 0.0 0.0 -10.0 0.1552
88 8 Pedestrian 0 0 -10.0 565.00 128.00 603.00 240.00 0.0 0.0 0.0 0.0 0.0 0.0 -10.0 0.7457
88 85 Pedestrian 0 0 -10.0 626.00 141.00 665.00 239.00 0.0 0.0 0.0 0.0 0.0 0.0 -10.0 0.7911
88 104 Pedestrian 0 0 -10.0 763.00 142.00 824.00 299.00 0.0 0.0 0.0 0.0 0.0 0.0 -10.0 0.8144
88 10 Pedestrian 0 0 -10.0 684.00 147.00 721.00 233.00 0.0 0.0 0.0 0.0 0.0 0.0 -10.0 0.8077
89 8 Pedestrian 0 0 -10.0 568.00 129.00 607.00 242.00 0.0 0.0 0.0 0.0 0.0 0.0 -10.0 0.7379
89 85 Pedestrian 0 0 -10.0 627.00 141.00 666.00 240.00 0.0 0.0 0.0 0.0 0.0 0.0 -10.0 0.7687
89 104 Pedestrian 0 0 -10.0 773.00 140.00 834.00 305.00 0.0 0.0 0.0 0.0 0.0 0.0 -10.0 0.8098
89 10 Pedestrian 0 0 -10.0 688.00 148.00 725.00 234.00 0.0 0.0 0.0 0.0 0.0 0.0 -10.0 0.775
90 8 Pedestrian 0 0 -10.0 569.00 128.00 610.00 244.00 0.0 0.0 0.0 0.0 0.0 0.0 -10.0 0.7698
90 85 Pedestrian 0 0 -10.0 628.00 142.00 667.00 242.00 0.0 0.0 0.0 0.0 0.0 0.0 -10.0 0.7554
90 104 Pedestrian 0 0 -10.0 780.00 142.00 845.00 309.00 0.0 0.0 0.0 0.0 0.0 0.0 -10.0 0.7956
90 10 Pedestrian 0 0 -10.0 692.00 149.00 730.00 236.00 0.0 0.0 0.0 0.0 0.0 0.0 -10.0 0.7697
91 8 Pedestrian 0 0 -10.0 572.00 128.00 614.00 246.00 0.0 0.0 0.0 0.0 0.0 0.0 -10.0 0.7747
91 85 Pedestrian 0 0 -10.0 628.00 141.00 668.00 244.00 0.0 0.0 0.0 0.0 0.0 0.0 -10.0 0.7413
91 104 Pedestrian 0 0 -10.0 786.00 143.00 858.00 316.00 0.0 0.0 0.0 0.0 0.0 0.0 -10.0 0.8282
91 10 Pedestrian 0 0 -10.0 695.00 148.00 732.00 236.00 0.0 0.0 0.0 0.0 0.0 0.0 -10.0 0.7723
92 8 Pedestrian 0 0 -10.0 575.00 128.00 616.00 247.00 0.0 0.0 0.0 0.0 0.0 0.0 -10.0 0.7925
92 85 Pedestrian 0 0 -10.0 627.00 139.00 669.00 245.00 0.0 0.0 0.0 0.0 0.0 0.0 -10.0 0.7443
92 104 Pedestrian 0 0 -10.0 796.00 144.00 869.00 318.00 0.0 0.0 0.0 0.0 0.0 0.0 -10.0 0.7824
92 10 Pedestrian 0 0 -10.0 699.00 147.00 737.00 239.00 0.0 0.0 0.0 0.0 0.0 0.0 -10.0 0.7751
93 8 Pedestrian 0 0 -10.0 577.00 127.00 619.00 249.00 0.0 0.0 0.0 0.0 0.0 0.0 -10.0 0.7717
93 85 Pedestrian 0 0 -10.0 630.00 139.00 672.00 247.00 0.0 0.0 0.0 0.0 0.0 0.0 -10.0 0.7902
93 104 Pedestrian 0 0 -10.0 812.00 142.00 881.00 324.00 0.0 0.0 0.0 0.0 0.0 0.0 -10.0 0.7938
93 10 Pedestrian 0 0 -10.0 705.00 149.00 742.00 239.00 0.0 0.0 0.0 0.0 0.0 0.0 -10.0 0.7302
94 8 Pedestrian 0 0 -10.0 578.00 127.00 621.00 250.00 0.0 0.0 0.0 0.0 0.0 0.0 -10.0 0.7645
94 85 Pedestrian 0 0 -10.0 632.00 140.00 674.00 248.00 0.0 0.0 0.0 0.0 0.0 0.0 -10.0 0.7695
94 104 Pedestrian 0 0 -10.0 825.00 143.00 896.00 328.00 0.0 0.0 0.0 0.0 0.0 0.0 -10.0 0.8111
94 10 Pedestrian 0 0 -10.0 709.00 148.00 748.00 240.00 0.0 0.0 0.0 0.0 0.0 0.0 -10.0 0.7847
95 8 Pedestrian 0 0 -10.0 580.00 128.00 626.00 252.00 0.0 0.0 0.0 0.0 0.0 0.0 -10.0 0.8009
95 85 Pedestrian 0 0 -10.0 634.00 140.00 676.00 250.00 0.0 0.0 0.0 0.0 0.0 0.0 -10.0 0.7876
95 104 Pedestrian 0 0 -10.0 834.00 142.00 914.00 331.00 0.0 0.0 0.0 0.0 0.0 0.0 -10.0 0.8182
95 10 Pedestrian 0 0 -10.0 713.00 148.00 753.00 242.00 0.0 0.0 0.0 0.0 0.0 0.0 -10.0 0.7797
96 8 Pedestrian 0 0 -10.0 582.00 129.00 628.00 255.00 0.0 0.0 0.0 0.0 0.0 0.0 -10.0 0.7906
96 85 Pedestrian 0 0 -10.0 636.00 141.00 679.00 252.00 0.0 0.0 0.0 0.0 0.0 0.0 -10.0 0.7679
96 104 Pedestrian 0 0 -10.0 843.00 143.00 931.00 337.00 0.0 0.0 0.0 0.0 0.0 0.0 -10.0 0.8328
96 10 Pedestrian 0 0 -10.0 715.00 147.00 755.00 243.00 0.0 0.0 0.0 0.0 0.0 0.0 -10.0 0.7478
97 8 Pedestrian 0 0 -10.0 586.00 128.00 632.00 258.00 0.0 0.0 0.0 0.0 0.0 0.0 -10.0 0.8078
97 85 Pedestrian 0 0 -10.0 638.00 141.00 683.00 254.00 0.0 0.0 0.0 0.0 0.0 0.0 -10.0 0.7667
97 104 Pedestrian 0 0 -10.0 857.00 142.00 947.00 345.00 0.0 0.0 0.0 0.0 0.0 0.0 -10.0 0.7955
97 10 Pedestrian 0 0 -10.0 720.00 149.00 760.00 244.00 0.0 0.0 0.0 0.0 0.0 0.0 -10.0 0.7657
98 8 Pedestrian 0 0 -10.0 591.00 126.00 635.00 258.00 0.0 0.0 0.0 0.0 0.0 0.0 -10.0 0.7576
98 85 Pedestrian 0 0 -10.0 641.00 141.00 686.00 255.00 0.0 0.0 0.0 0.0 0.0 0.0 -10.0 0.7704
98 104 Pedestrian 0 0 -10.0 878.00 139.00 959.00 346.00 0.0 0.0 0.0 0.0 0.0 0.0 -10.0 0.7679
98 10 Pedestrian 0 0 -10.0 725.00 149.00 767.00 245.00 0.0 0.0 0.0 0.0 0.0 0.0 -10.0 0.8133
99 8 Pedestrian 0 0 -10.0 595.00 126.00 640.00 260.00 0.0 0.0 0.0 0.0 0.0 0.0 -10.0 0.7448
99 85 Pedestrian 0 0 -10.0 643.00 141.00 688.00 258.00 0.0 0.0 0.0 0.0 0.0 0.0 -10.0 0.7979
99 104 Pedestrian 0 0 -10.0 891.00 137.00 977.00 354.00 0.0 0.0 0.0 0.0 0.0 0.0 -10.0 0.8143
99 10 Pedestrian 0 0 -10.0 729.00 149.00 772.00 247.00 0.0 0.0 0.0 0.0 0.0 0.0 -10.0 0.7787
100 8 Pedestrian 0 0 -10.0 599.00 129.00 644.00 260.00 0.0 0.0 0.0 0.0 0.0 0.0 -10.0 0.7865
100 85 Pedestrian 0 0 -10.0 646.00 143.00 692.00 261.00 0.0 0.0 0.0 0.0 0.0 0.0 -10.0 0.7852
100 104 Pedestrian 0 0 -10.0 901.00 138.00 1000.00 358.00 0.0 0.0 0.0 0.0 0.0 0.0 -10.0 0.8026
100 10 Pedestrian 0 0 -10.0 733.00 148.00 776.00 247.00 0.0 0.0 0.0 0.0 0.0 0.0 -10.0 0.7407
101 8 Pedestrian 0 0 -10.0 602.00 129.00 647.00 264.00 0.0 0.0 0.0 0.0 0.0 0.0 -10.0 0.7891
101 85 Pedestrian 0 0 -10.0 648.00 142.00 694.00 264.00 0.0 0.0 0.0 0.0 0.0 0.0 -10.0 0.8189
101 104 Pedestrian 0 0 -10.0 912.00 137.00 1019.00 363.00 0.0 0.0 0.0 0.0 0.0 0.0 -10.0 0.7788
101 10 Pedestrian 0 0 -10.0 738.00 148.00 781.00 248.00 0.0 0.0 0.0 0.0 0.0 0.0 -10.0 0.8151
102 8 Pedestrian 0 0 -10.0 605.00 128.00 652.00 266.00 0.0 0.0 0.0 0.0 0.0 0.0 -10.0 0.7904
102 85 Pedestrian 0 0 -10.0 651.00 142.00 699.00 264.00 0.0 0.0 0.0 0.0 0.0 0.0 -10.0 0.7785
102 104 Pedestrian 0 0 -10.0 933.00 136.00 1036.00 368.00 0.0 0.0 0.0 0.0 0.0 0.0 -10.0 0.7597
102 10 Pedestrian 0 0 -10.0 741.00 148.00 786.00 250.00 0.0 0.0 0.0 0.0 0.0 0.0 -10.0 0.7895
103 8 Pedestrian 0 0 -10.0 607.00 128.00 655.00 269.00 0.0 0.0 0.0 0.0 0.0 0.0 -10.0 0.782
103 85 Pedestrian 0 0 -10.0 656.00 142.00 704.00 267.00 0.0 0.0 0.0 0.0 0.0 0.0 -10.0 0.7928
103 104 Pedestrian 0 0 -10.0 957.00 135.00 1057.00 367.00 0.0 0.0 0.0 0.0 0.0 0.0 -10.0 0.748
103 10 Pedestrian 0 0 -10.0 746.00 149.00 793.00 251.00 0.0 0.0 0.0 0.0 0.0 0.0 -10.0 0.7575
104 8 Pedestrian 0 0 -10.0 609.00 129.00 658.00 273.00 0.0 0.0 0.0 0.0 0.0 0.0 -10.0 0.7756
104 85 Pedestrian 0 0 -10.0 660.00 142.00 709.00 269.00 0.0 0.0 0.0 0.0 0.0 0.0 -10.0 0.8131
104 104 Pedestrian 0 0 -10.0 978.00 135.00 1080.00 369.00 0.0 0.0 0.0 0.0 0.0 0.0 -10.0 0.8062
104 10 Pedestrian 0 0 -10.0 752.00 148.00 797.00 252.00 0.0 0.0 0.0 0.0 0.0 0.0 -10.0 0.774
105 8 Pedestrian 0 0 -10.0 612.00 130.00 661.00 276.00 0.0 0.0 0.0 0.0 0.0 0.0 -10.0 0.8034
105 85 Pedestrian 0 0 -10.0 664.00 143.00 715.00 272.00 0.0 0.0 0.0 0.0 0.0 0.0 -10.0 0.8054
105 104 Pedestrian 0 0 -10.0 996.00 135.00 1111.00 368.00 0.0 0.0 0.0 0.0 0.0 0.0 -10.0 0.7873
105 10 Pedestrian 0 0 -10.0 757.00 147.00 803.00 254.00 0.0 0.0 0.0 0.0 0.0 0.0 -10.0 0.7866
106 8 Pedestrian 0 0 -10.0 613.00 130.00 663.00 278.00 0.0 0.0 0.0 0.0 0.0 0.0 -10.0 0.8183
106 85 Pedestrian 0 0 -10.0 668.00 145.00 720.00 273.00 0.0 0.0 0.0 0.0 0.0 0.0 -10.0 0.8016
106 104 Pedestrian 0 0 -10.0 1016.00 136.00 1134.00 369.00 0.0 0.0 0.0 0.0 0.0 0.0 -10.0 0.7646
106 10 Pedestrian 0 0 -10.0 762.00 148.00 808.00 256.00 0.0 0.0 0.0 0.0 0.0 0.0 -10.0 0.7701
107 8 Pedestrian 0 0 -10.0 614.00 130.00 665.00 281.00 0.0 0.0 0.0 0.0 0.0 0.0 -10.0 0.8289
107 85 Pedestrian 0 0 -10.0 672.00 145.00 723.00 275.00 0.0 0.0 0.0 0.0 0.0 0.0 -10.0 0.7804
107 104 Pedestrian 0 0 -10.0 1041.00 136.00 1157.00 368.00 0.0 0.0 0.0 0.0 0.0 0.0 -10.0 0.7685
107 10 Pedestrian 0 0 -10.0 769.00 149.00 816.00 259.00 0.0 0.0 0.0 0.0 0.0 0.0 -10.0 0.8337
108 8 Pedestrian 0 0 -10.0 612.00 128.00 668.00 284.00 0.0 0.0 0.0 0.0 0.0 0.0 -10.0 0.8479
108 85 Pedestrian 0 0 -10.0 676.00 143.00 729.00 280.00 0.0 0.0 0.0 0.0 0.0 0.0 -10.0 0.8239
108 104 Pedestrian 0 0 -10.0 1070.00 135.00 1177.00 368.00 0.0 0.0 0.0 0.0 0.0 0.0 -10.0 0.7281
108 10 Pedestrian 0 0 -10.0 774.00 150.00 823.00 262.00 0.0 0.0 0.0 0.0 0.0 0.0 -10.0 0.7822
109 8 Pedestrian 0 0 -10.0 616.00 128.00 671.00 286.00 0.0 0.0 0.0 0.0 0.0 0.0 -10.0 0.7936
109 85 Pedestrian 0 0 -10.0 679.00 145.00 732.00 283.00 0.0 0.0 0.0 0.0 0.0 0.0 -10.0 0.8319
109 104 Pedestrian 0 0 -10.0 1080.00 134.00 1214.00 367.00 0.0 0.0 0.0 0.0 0.0 0.0 -10.0 0.6573
109 10 Pedestrian 0 0 -10.0 779.00 152.00 828.00 265.00 0.0 0.0 0.0 0.0 0.0 0.0 -10.0 0.8097
110 8 Pedestrian 0 0 -10.0 620.00 129.00 674.00 288.00 0.0 0.0 0.0 0.0 0.0 0.0 -10.0 0.786
110 85 Pedestrian 0 0 -10.0 681.00 146.00 736.00 288.00 0.0 0.0 0.0 0.0 0.0 0.0 -10.0 0.7932
110 104 Pedestrian 0 0 -10.0 1107.00 134.00 1224.00 370.00 0.0 0.0 0.0 0.0 0.0 0.0 -10.0 0.7124
110 10 Pedestrian 0 0 -10.0 783.00 151.00 833.00 266.00 0.0 0.0 0.0 0.0 0.0 0.0 -10.0 0.8144
111 8 Pedestrian 0 0 -10.0 623.00 131.00 678.00 291.00 0.0 0.0 0.0 0.0 0.0 0.0 -10.0 0.8323
111 85 Pedestrian 0 0 -10.0 687.00 147.00 741.00 288.00 0.0 0.0 0.0 0.0 0.0 0.0 -10.0 0.7961
111 104 Pedestrian 0 0 -10.0 1130.00 144.00 1223.00 368.00 0.0 0.0 0.0 0.0 0.0 0.0 -10.0 0.6087
111 10 Pedestrian 0 0 -10.0 789.00 149.00 840.00 266.00 0.0 0.0 0.0 0.0 0.0 0.0 -10.0 0.7897
112 8 Pedestrian 0 0 -10.0 627.00 131.00 682.00 294.00 0.0 0.0 0.0 0.0 0.0 0.0 -10.0 0.7901
112 85 Pedestrian 0 0 -10.0 692.00 146.00 746.00 290.00 0.0 0.0 0.0 0.0 0.0 0.0 -10.0 0.8187
112 10 Pedestrian 0 0 -10.0 794.00 148.00 848.00 267.00 0.0 0.0 0.0 0.0 0.0 0.0 -10.0 0.8204
113 8 Pedestrian 0 0 -10.0 630.00 130.00 688.00 298.00 0.0 0.0 0.0 0.0 0.0 0.0 -10.0 0.8057
113 85 Pedestrian 0 0 -10.0 696.00 146.00 755.00 293.00 0.0 0.0 0.0 0.0 0.0 0.0 -10.0 0.8099
113 10 Pedestrian 0 0 -10.0 799.00 149.00 855.00 269.00 0.0 0.0 0.0 0.0 0.0 0.0 -10.0 0.8181
114 8 Pedestrian 0 0 -10.0 631.00 129.00 691.00 300.00 0.0 0.0 0.0 0.0 0.0 0.0 -10.0 0.7981
114 85 Pedestrian 0 0 -10.0 700.00 146.00 763.00 298.00 0.0 0.0 0.0 0.0 0.0 0.0 -10.0 0.8108
114 10 Pedestrian 0 0 -10.0 805.00 147.00 862.00 271.00 0.0 0.0 0.0 0.0 0.0 0.0 -10.0 0.8013
115 8 Pedestrian 0 0 -10.0 632.00 129.00 695.00 304.00 0.0 0.0 0.0 0.0 0.0 0.0 -10.0 0.7895
115 85 Pedestrian 0 0 -10.0 705.00 148.00 766.00 299.00 0.0 0.0 0.0 0.0 0.0 0.0 -10.0 0.7981
115 10 Pedestrian 0 0 -10.0 813.00 147.00 869.00 273.00 0.0 0.0 0.0 0.0 0.0 0.0 -10.0 0.774
116 8 Pedestrian 0 0 -10.0 634.00 131.00 700.00 310.00 0.0 0.0 0.0 0.0 0.0 0.0 -10.0 0.7901
116 85 Pedestrian 0 0 -10.0 710.00 147.00 772.00 301.00 0.0 0.0 0.0 0.0 0.0 0.0 -10.0 0.8132
116 10 Pedestrian 0 0 -10.0 820.00 150.00 877.00 275.00 0.0 0.0 0.0 0.0 0.0 0.0 -10.0 0.7857
117 8 Pedestrian 0 0 -10.0 637.00 133.00 705.00 313.00 0.0 0.0 0.0 0.0 0.0 0.0 -10.0 0.7926
117 85 Pedestrian 0 0 -10.0 715.00 147.00 777.00 305.00 0.0 0.0 0.0 0.0 0.0 0.0 -10.0 0.7953
117 10 Pedestrian 0 0 -10.0 829.00 152.00 889.00 278.00 0.0 0.0 0.0 0.0 0.0 0.0 -10.0 0.7946
118 8 Pedestrian 0 0 -10.0 644.00 131.00 710.00 320.00 0.0 0.0 0.0 0.0 0.0 0.0 -10.0 0.7997
118 85 Pedestrian 0 0 -10.0 719.00 148.00 783.00 311.00 0.0 0.0 0.0 0.0 0.0 0.0 -10.0 0.817
118 10 Pedestrian 0 0 -10.0 838.00 153.00 900.00 281.00 0.0 0.0 0.0 0.0 0.0 0.0 -10.0 0.7956
119 8 Pedestrian 0 0 -10.0 653.00 129.00 717.00 326.00 0.0 0.0 0.0 0.0 0.0 0.0 -10.0 0.753
119 85 Pedestrian 0 0 -10.0 721.00 150.00 788.00 318.00 0.0 0.0 0.0 0.0 0.0 0.0 -10.0 0.8324
119 10 Pedestrian 0 0 -10.0 844.00 152.00 907.00 283.00 0.0 0.0 0.0 0.0 0.0 0.0 -10.0 0.7836
120 8 Pedestrian 0 0 -10.0 657.00 130.00 723.00 326.00 0.0 0.0 0.0 0.0 0.0 0.0 -10.0 0.8196
120 85 Pedestrian 0 0 -10.0 726.00 152.00 793.00 326.00 0.0 0.0 0.0 0.0 0.0 0.0 -10.0 0.7989
120 10 Pedestrian 0 0 -10.0 853.00 150.00 916.00 285.00 0.0 0.0 0.0 0.0 0.0 0.0 -10.0 0.8056
121 8 Pedestrian 0 0 -10.0 662.00 131.00 733.00 328.00 0.0 0.0 0.0 0.0 0.0 0.0 -10.0 0.7674
121 85 Pedestrian 0 0 -10.0 731.00 150.00 799.00 328.00 0.0 0.0 0.0 0.0 0.0 0.0 -10.0 0.7999
121 10 Pedestrian 0 0 -10.0 863.00 149.00 926.00 286.00 0.0 0.0 0.0 0.0 0.0 0.0 -10.0 0.806
122 8 Pedestrian 0 0 -10.0 668.00 132.00 740.00 333.00 0.0 0.0 0.0 0.0 0.0 0.0 -10.0 0.8388
122 85 Pedestrian 0 0 -10.0 736.00 151.00 806.00 333.00 0.0 0.0 0.0 0.0 0.0 0.0 -10.0 0.8361
122 10 Pedestrian 0 0 -10.0 873.00 149.00 940.00 288.00 0.0 0.0 0.0 0.0 0.0 0.0 -10.0 0.824
123 8 Pedestrian 0 0 -10.0 674.00 131.00 748.00 335.00 0.0 0.0 0.0 0.0 0.0 0.0 -10.0 0.8145
123 85 Pedestrian 0 0 -10.0 743.00 151.00 815.00 340.00 0.0 0.0 0.0 0.0 0.0 0.0 -10.0 0.7841
123 10 Pedestrian 0 0 -10.0 882.00 150.00 952.00 293.00 0.0 0.0 0.0 0.0 0.0 0.0 -10.0 0.806
124 8 Pedestrian 0 0 -10.0 681.00 123.00 755.00 342.00 0.0 0.0 0.0 0.0 0.0 0.0 -10.0 0.7848
124 85 Pedestrian 0 0 -10.0 750.00 151.00 827.00 344.00 0.0 0.0 0.0 0.0 0.0 0.0 -10.0 0.7968
124 10 Pedestrian 0 0 -10.0 893.00 148.00 961.00 296.00 0.0 0.0 0.0 0.0 0.0 0.0 -10.0 0.7802
125 8 Pedestrian 0 0 -10.0 684.00 121.00 762.00 346.00 0.0 0.0 0.0 0.0 0.0 0.0 -10.0 0.7923
125 85 Pedestrian 0 0 -10.0 757.00 154.00 839.00 347.00 0.0 0.0 0.0 0.0 0.0 0.0 -10.0 0.8525
125 10 Pedestrian 0 0 -10.0 905.00 148.00 974.00 298.00 0.0 0.0 0.0 0.0 0.0 0.0 -10.0 0.7948
126 8 Pedestrian 0 0 -10.0 686.00 123.00 769.00 350.00 0.0 0.0 0.0 0.0 0.0 0.0 -10.0 0.7867
126 85 Pedestrian 0 0 -10.0 765.00 152.00 848.00 350.00 0.0 0.0 0.0 0.0 0.0 0.0 -10.0 0.7927
126 10 Pedestrian 0 0 -10.0 917.00 149.00 992.00 303.00 0.0 0.0 0.0 0.0 0.0 0.0 -10.0 0.8039
127 8 Pedestrian 0 0 -10.0 690.00 123.00 780.00 355.00 0.0 0.0 0.0 0.0 0.0 0.0 -10.0 0.7998
127 85 Pedestrian 0 0 -10.0 774.00 152.00 854.00 352.00 0.0 0.0 0.0 0.0 0.0 0.0 -10.0 0.7722
127 10 Pedestrian 0 0 -10.0 929.00 150.00 1008.00 310.00 0.0 0.0 0.0 0.0 0.0 0.0 -10.0 0.8167
128 8 Pedestrian 0 0 -10.0 694.00 123.00 785.00 359.00 0.0 0.0 0.0 0.0 0.0 0.0 -10.0 0.8205
128 85 Pedestrian 0 0 -10.0 779.00 152.00 862.00 358.00 0.0 0.0 0.0 0.0 0.0 0.0 -10.0 0.8121
128 10 Pedestrian 0 0 -10.0 943.00 152.00 1021.00 313.00 0.0 0.0 0.0 0.0 0.0 0.0 -10.0 0.8093
129 8 Pedestrian 0 0 -10.0 706.00 120.00 794.00 362.00 0.0 0.0 0.0 0.0 0.0 0.0 -10.0 0.7342
129 85 Pedestrian 0 0 -10.0 787.00 151.00 873.00 363.00 0.0 0.0 0.0 0.0 0.0 0.0 -10.0 0.7827
129 10 Pedestrian 0 0 -10.0 953.00 151.00 1027.00 313.00 0.0 0.0 0.0 0.0 0.0 0.0 -10.0 0.7938
130 8 Pedestrian 0 0 -10.0 718.00 119.00 803.00 363.00 0.0 0.0 0.0 0.0 0.0 0.0 -10.0 0.7444
130 85 Pedestrian 0 0 -10.0 797.00 148.00 884.00 366.00 0.0 0.0 0.0 0.0 0.0 0.0 -10.0 0.7553
130 10 Pedestrian 0 0 -10.0 963.00 151.00 1041.00 315.00 0.0 0.0 0.0 0.0 0.0 0.0 -10.0 0.7752
131 8 Pedestrian 0 0 -10.0 725.00 122.00 812.00 361.00 0.0 0.0 0.0 0.0 0.0 0.0 -10.0 0.8062
131 85 Pedestrian 0 0 -10.0 807.00 146.00 897.00 368.00 0.0 0.0 0.0 0.0 0.0 0.0 -10.0 0.7507
131 10 Pedestrian 0 0 -10.0 975.00 151.00 1061.00 319.00 0.0 0.0 0.0 0.0 0.0 0.0 -10.0 0.7724
132 8 Pedestrian 0 0 -10.0 734.00 121.00 824.00 362.00 0.0 0.0 0.0 0.0 0.0 0.0 -10.0 0.7855
132 85 Pedestrian 0 0 -10.0 817.00 146.00 913.00 368.00 0.0 0.0 0.0 0.0 0.0 0.0 -10.0 0.7523
132 10 Pedestrian 0 0 -10.0 986.00 151.00 1075.00 321.00 0.0 0.0 0.0 0.0 0.0 0.0 -10.0 0.7753
133 8 Pedestrian 0 0 -10.0 742.00 119.00 836.00 363.00 0.0 0.0 0.0 0.0 0.0 0.0 -10.0 0.8003
133 85 Pedestrian 0 0 -10.0 826.00 146.00 931.00 368.00 0.0 0.0 0.0 0.0 0.0 0.0 -10.0 0.7994
133 10 Pedestrian 0 0 -10.0 999.00 151.00 1089.00 328.00 0.0 0.0 0.0 0.0 0.0 0.0 -10.0 0.759
134 8 Pedestrian 0 0 -10.0 753.00 112.00 848.00 363.00 0.0 0.0 0.0 0.0 0.0 0.0 -10.0 0.788
134 85 Pedestrian 0 0 -10.0 840.00 146.00 950.00 369.00 0.0 0.0 0.0 0.0 0.0 0.0 -10.0 0.7744
134 10 Pedestrian 0 0 -10.0 1011.00 151.00 1101.00 333.00 0.0 0.0 0.0 0.0 0.0 0.0 -10.0 0.7418
135 8 Pedestrian 0 0 -10.0 763.00 106.00 864.00 361.00 0.0 0.0 0.0 0.0 0.0 0.0 -10.0 0.7212
135 85 Pedestrian 0 0 -10.0 859.00 142.00 969.00 368.00 0.0 0.0 0.0 0.0 0.0 0.0 -10.0 0.6779
135 10 Pedestrian 0 0 -10.0 1028.00 151.00 1124.00 339.00 0.0 0.0 0.0 0.0 0.0 0.0 -10.0 0.7709
136 8 Pedestrian 0 0 -10.0 765.00 110.00 874.00 363.00 0.0 0.0 0.0 0.0 0.0 0.0 -10.0 0.7912
136 85 Pedestrian 0 0 -10.0 877.00 140.00 983.00 369.00 0.0 0.0 0.0 0.0 0.0 0.0 -10.0 0.7648
136 10 Pedestrian 0 0 -10.0 1048.00 154.00 1147.00 343.00 0.0 0.0 0.0 0.0 0.0 0.0 -10.0 0.7717
137 8 Pedestrian 0 0 -10.0 771.00 112.00 887.00 364.00 0.0 0.0 0.0 0.0 0.0 0.0 -10.0 0.779
137 85 Pedestrian 0 0 -10.0 890.00 143.00 1002.00 369.00 0.0 0.0 0.0 0.0 0.0 0.0 -10.0 0.7677
137 10 Pedestrian 0 0 -10.0 1063.00 151.00 1164.00 347.00 0.0 0.0 0.0 0.0 0.0 0.0 -10.0 0.7294
138 8 Pedestrian 0 0 -10.0 783.00 115.00 906.00 365.00 0.0 0.0 0.0 0.0 0.0 0.0 -10.0 0.7155
138 85 Pedestrian 0 0 -10.0 903.00 144.00 1025.00 370.00 0.0 0.0 0.0 0.0 0.0 0.0 -10.0 0.6571
138 10 Pedestrian 0 0 -10.0 1077.00 151.00 1177.00 349.00 0.0 0.0 0.0 0.0 0.0 0.0 -10.0 0.7292
139 8 Pedestrian 0 0 -10.0 799.00 119.00 916.00 365.00 0.0 0.0 0.0 0.0 0.0 0.0 -10.0 0.7523
139 85 Pedestrian 0 0 -10.0 914.00 149.00 1058.00 367.00 0.0 0.0 0.0 0.0 0.0 0.0 -10.0 0.7422
139 10 Pedestrian 0 0 -10.0 1097.00 151.00 1202.00 350.00 0.0 0.0 0.0 0.0 0.0 0.0 -10.0 0.7319
140 8 Pedestrian 0 0 -10.0 805.00 107.00 961.00 364.00 0.0 0.0 0.0 0.0 0.0 0.0 -10.0 0.6787
140 85 Pedestrian 0 0 -10.0 930.00 149.00 1089.00 365.00 0.0 0.0 0.0 0.0 0.0 0.0 -10.0 0.814
140 10 Pedestrian 0 0 -10.0 1114.00 150.00 1220.00 353.00 0.0 0.0 0.0 0.0 0.0 0.0 -10.0 0.7728
141 8 Pedestrian 0 0 -10.0 815.00 104.00 986.00 366.00 0.0 0.0 0.0 0.0 0.0 0.0 -10.0 0.7331
141 85 Pedestrian 0 0 -10.0 948.00 147.00 1120.00 364.00 0.0 0.0 0.0 0.0 0.0 0.0 -10.0 0.8337
141 10 Pedestrian 0 0 -10.0 1129.00 148.00 1224.00 352.00 0.0 0.0 0.0 0.0 0.0 0.0 -10.0 0.6965
142 8 Pedestrian 0 0 -10.0 821.00 101.00 1013.00 364.00 0.0 0.0 0.0 0.0 0.0 0.0 -10.0 0.7579
142 85 Pedestrian 0 0 -10.0 964.00 148.00 1149.00 364.00 0.0 0.0 0.0 0.0 0.0 0.0 -10.0 0.8032
142 10 Pedestrian 0 0 -10.0 1146.00 150.00 1223.00 356.00 0.0 0.0 0.0 0.0 0.0 0.0 -10.0 0.502
142 131 Pedestrian 0 0 -10.0 844.00 106.00 969.00 365.00 0.0 0.0 0.0 0.0 0.0 0.0 -10.0 0.4636
143 8 Pedestrian 0 0 -10.0 835.00 103.00 1037.00 364.00 0.0 0.0 0.0 0.0 0.0 0.0 -10.0 0.8325
143 85 Pedestrian 0 0 -10.0 993.00 152.00 1179.00 365.00 0.0 0.0 0.0 0.0 0.0 0.0 -10.0 0.7915
143 10 Pedestrian 0 0 -10.0 1168.00 148.00 1224.00 353.00 0.0 0.0 0.0 0.0 0.0 0.0 -10.0 0.1737
143 131 Pedestrian 0 0 -10.0 858.00 104.00 994.00 368.00 0.0 0.0 0.0 0.0 0.0 0.0 -10.0 0.1198
144 8 Pedestrian 0 0 -10.0 853.00 100.00 1064.00 365.00 0.0 0.0 0.0 0.0 0.0 0.0 -10.0 0.8385
144 85 Pedestrian 0 0 -10.0 1019.00 152.00 1211.00 365.00 0.0 0.0 0.0 0.0 0.0 0.0 -10.0 0.8768
