0 1 Cyclist -10.0 384.0 141.0 488.0 351.0 0.0 0.0 0.0 -1.772809209776445 0.6907801975683963 7.457479000091553 -10.0
0 2 Cyclist -10.0 460.0 136.0 544.0 330.0 0.0 0.0 0.0 -1.1543329832501823 0.5935935735887741 7.995289325714111 -10.0
0 3 Cyclist -10.0 561.0 143.0 577.0 187.0 0.0 0.0 0.0 -1.461603899579151 -0.6460548048029437 29.45794677734375 -10.0
0 4 Cyclist -10.0 537.0 142.0 551.0 187.0 0.0 0.0 0.0 -2.647442688704507 -0.7053190528352777 31.155607223510742 -10.0
1 1 Cyclist -10.0 394.0 144.0 496.0 351.0 0.0 0.0 0.0 -1.6877660720920395 0.7107630909338922 7.50140380859375 -10.0
1 2 Cyclist -10.0 473.0 137.0 556.0 329.0 0.0 0.0 0.0 -0.9815277872388879 0.5751610350658264 7.747015953063965 -10.0
1 3 Cyclist -10.0 561.0 143.0 576.0 186.0 0.0 0.0 0.0 -1.5371354448325574 -0.6914936514936668 30.544906616210938 -10.0
1 4 Cyclist -10.0 539.0 141.0 553.0 186.0 0.0 0.0 0.0 -2.450545927634532 -0.7175352931043217 29.831525802612305 -10.0
2 1 Cyclist -10.0 404.0 143.0 508.0 355.0 0.0 0.0 0.0 -1.4981287433037966 0.6929427414017172 7.1531662940979 -10.0
2 2 Cyclist -10.0 485.0 140.0 566.0 330.0 0.0 0.0 0.0 -0.8687732963331094 0.6024633150643619 7.8169331550598145 -10.0
2 3 Cyclist -10.0 562.0 144.0 577.0 186.0 0.0 0.0 0.0 -1.4191223406150535 -0.6363467785278022 29.01529312133789 -10.0
2 4 Cyclist -10.0 535.0 141.0 552.0 193.0 0.0 0.0 0.0 -0.7669610328049185 -0.17099366943786187 8.951250076293945 -10.0
3 1 Cyclist -10.0 420.0 141.0 527.0 359.0 0.0 0.0 0.0 -1.3658082738314075 0.7268620239687701 7.395339488983154 -10.0
3 2 Cyclist -10.0 496.0 139.0 580.0 335.0 0.0 0.0 0.0 -0.6983843701910193 0.5970531432286443 7.4724836349487305 -10.0
3 3 Cyclist -10.0 564.0 142.0 578.0 184.0 0.0 0.0 0.0 -1.4727524196475439 -0.779377157853103 31.477161407470703 -10.0
3 4 Cyclist -10.0 536.0 139.0 553.0 192.0 0.0 0.0 0.0 -0.7005144998152174 -0.17643662104158378 8.312968254089355 -10.0
4 1 Cyclist -10.0 434.0 140.0 540.0 359.0 0.0 0.0 0.0 -1.145650522777176 0.6751057365061817 6.918531894683838 -10.0
4 2 Cyclist -10.0 508.0 137.0 594.0 337.0 0.0 0.0 0.0 -0.5619438503060963 0.5980648346291245 7.485145568847656 -10.0
4 3 Cyclist -10.0 563.0 143.0 579.0 188.0 0.0 0.0 0.0 -0.6294748573558957 -0.28554648214395273 13.453776359558105 -10.0
5 1 Cyclist -10.0 447.0 138.0 553.0 359.0 0.0 0.0 0.0 -1.044410649344549 0.6822835880872438 7.094925880432129 -10.0
5 2 Cyclist -10.0 516.0 137.0 604.0 344.0 0.0 0.0 0.0 -0.45357056497739684 0.6172952840180879 7.275103569030762 -10.0
5 3 Cyclist -10.0 563.0 143.0 578.0 189.0 0.0 0.0 0.0 -0.40064270363238014 -0.17307090962596758 8.435447692871094 -10.0
5 4 Cyclist -10.0 533.0 141.0 550.0 192.0 0.0 0.0 0.0 -2.629796805139423 -0.588585616986289 29.711639404296875 -10.0
6 1 Cyclist -10.0 459.0 142.0 563.0 359.0 0.0 0.0 0.0 -0.884275584418296 0.6649390177889843 6.716985702514648 -10.0
6 2 Cyclist -10.0 528.0 141.0 615.0 346.0 0.0 0.0 0.0 -0.3144432479132615 0.6079496060052426 6.823736190795898 -10.0
6 3 Cyclist -10.0 563.0 143.0 580.0 192.0 0.0 0.0 0.0 -1.626014589978991 -0.6491102704616943 35.28615951538086 -10.0
6 4 Cyclist -10.0 534.0 140.0 549.0 189.0 0.0 0.0 0.0 -2.763320124321147 -0.706781246535852 31.220195770263672 -10.0
7 1 Cyclist -10.0 471.0 141.0 576.0 361.0 0.0 0.0 0.0 -0.7298259732639109 0.6384589280365213 6.40374755859375 -10.0
7 2 Cyclist -10.0 540.0 138.0 628.0 347.0 0.0 0.0 0.0 -0.19282355063050235 0.595266639958218 6.789155960083008 -10.0
7 3 Cyclist -10.0 563.0 142.0 581.0 195.0 0.0 0.0 0.0 -1.4722365110533864 -0.5509907576855598 32.446956634521484 -10.0
7 4 Cyclist -10.0 535.0 141.0 551.0 191.0 0.0 0.0 0.0 -0.6546191735958814 -0.15546956198918158 7.577560901641846 -10.0
8 1 Cyclist -10.0 490.0 143.0 593.0 364.0 0.0 0.0 0.0 -0.5383714461364224 0.6279431638859841 6.0825605392456055 -10.0
8 2 Cyclist -10.0 554.0 138.0 641.0 350.0 0.0 0.0 0.0 -0.062285676415960604 0.6008948501761222 6.691440105438232 -10.0
8 3 Cyclist -10.0 562.0 141.0 579.0 191.0 0.0 0.0 0.0 -1.480630635377501 -0.6396075320018579 31.174365997314453 -10.0
8 4 Cyclist -10.0 533.0 142.0 549.0 194.0 0.0 0.0 0.0 -0.6399642461794741 -0.12688013964921815 7.173053741455078 -10.0
8 17 Cyclist -10.0 486.0 138.0 504.0 197.0 0.0 0.0 0.0 -4.4863818368949175 -0.5349452243898345 29.080055236816406 -10.0
9 1 Cyclist -10.0 505.0 144.0 607.0 363.0 0.0 0.0 0.0 -0.4420498234143229 0.6710852758116658 6.500455856323242 -10.0
9 2 Cyclist -10.0 563.0 137.0 653.0 353.0 0.0 0.0 0.0 0.03922260027059728 0.6455363773520574 7.077096939086914 -10.0
9 4 Cyclist -10.0 535.0 144.0 551.0 194.0 0.0 0.0 0.0 -2.3544987738871255 -0.44354378897028457 27.254560470581055 -10.0
9 17 Cyclist -10.0 488.0 140.0 506.0 199.0 0.0 0.0 0.0 -3.950552207623554 -0.4060663002951892 26.08515739440918 -10.0
9 18 Cyclist -10.0 236.0 138.0 287.0 308.0 0.0 0.0 0.0 -3.9359799398913227 0.4882143921934406 8.123417854309082 -10.0
10 1 Cyclist -10.0 520.0 142.0 624.0 364.0 0.0 0.0 0.0 -0.29954559254432017 0.6768744025682293 6.6017537117004395 -10.0
10 2 Cyclist -10.0 572.0 135.0 664.0 357.0 0.0 0.0 0.0 0.1396009181455686 0.6568863802735185 7.0915703773498535 -10.0
10 4 Cyclist -10.0 535.0 143.0 551.0 194.0 0.0 0.0 0.0 -2.7109336734089395 -0.5328806517720891 31.380481719970703 -10.0
10 17 Cyclist -10.0 490.0 141.0 508.0 200.0 0.0 0.0 0.0 -3.7631190947988054 -0.35835102629022464 25.320472717285156 -10.0
10 18 Cyclist -10.0 245.0 139.0 295.0 304.0 0.0 0.0 0.0 -4.323568761557968 0.5305227518504488 9.15039348602295 -10.0
11 1 Cyclist -10.0 534.0 139.0 640.0 366.0 0.0 0.0 0.0 -0.16427986434682185 0.692394416492001 6.800025939941406 -10.0
11 2 Cyclist -10.0 585.0 137.0 677.0 358.0 0.0 0.0 0.0 0.25493257754622056 0.6344609355830172 6.696109771728516 -10.0
11 4 Cyclist -10.0 538.0 142.0 553.0 192.0 0.0 0.0 0.0 -2.463046295266183 -0.5678829985565752 29.727783203125 -10.0
11 17 Cyclist -10.0 492.0 141.0 510.0 199.0 0.0 0.0 0.0 -3.87895598852001 -0.39536365424784914 26.606285095214844 -10.0
11 18 Cyclist -10.0 250.0 134.0 302.0 304.0 0.0 0.0 0.0 -4.529522183194274 0.5314434442384436 9.761588096618652 -10.0
11 22 Cyclist -10.0 513.0 139.0 530.0 190.0 0.0 0.0 0.0 -3.4042397897029884 -0.6598375011547362 29.14657974243164 -10.0
11 3 Cyclist -10.0 563.0 144.0 579.0 192.0 0.0 0.0 0.0 -1.5865401851750005 -0.5997999927424357 33.909149169921875 -10.0
12 1 Cyclist -10.0 547.0 139.0 653.0 366.0 0.0 0.0 0.0 -0.03562142193662272 0.6283400985083606 6.1709465980529785 -10.0
12 2 Cyclist -10.0 600.0 139.0 690.0 358.0 0.0 0.0 0.0 0.36746373966552465 0.6106051780015418 6.349556922912598 -10.0
12 4 Cyclist -10.0 537.0 141.0 554.0 193.0 0.0 0.0 0.0 -2.302770312445264 -0.53092956983058 27.7933292388916 -10.0
12 17 Cyclist -10.0 495.0 143.0 512.0 201.0 0.0 0.0 0.0 -3.602774157574571 -0.30470204877665014 25.326143264770508 -10.0
12 18 Cyclist -10.0 258.0 135.0 312.0 310.0 0.0 0.0 0.0 -4.386125777980487 0.577245600166747 9.719172477722168 -10.0
12 22 Cyclist -10.0 513.0 139.0 531.0 190.0 0.0 0.0 0.0 -3.306949602371871 -0.6448844623182047 28.486068725585938 -10.0
12 3 Cyclist -10.0 562.0 144.0 578.0 190.0 0.0 0.0 0.0 -1.4817440078096065 -0.5872212883238715 30.7401123046875 -10.0
13 1 Cyclist -10.0 559.0 141.0 662.0 363.0 0.0 0.0 0.0 0.054476530430952415 0.6067853395931032 6.000933647155762 -10.0
13 2 Cyclist -10.0 614.0 139.0 702.0 357.0 0.0 0.0 0.0 0.4807177167327471 0.6017454671028183 6.3037824630737305 -10.0
13 4 Cyclist -10.0 537.0 142.0 553.0 194.0 0.0 0.0 0.0 -2.3454265019007776 -0.49648977662466004 28.068599700927734 -10.0
13 17 Cyclist -10.0 496.0 142.0 514.0 203.0 0.0 0.0 0.0 -3.4402684681486417 -0.2780022639675943 24.549909591674805 -10.0
13 18 Cyclist -10.0 269.0 136.0 323.0 308.0 0.0 0.0 0.0 -4.088113986515725 0.550600422122503 9.382254600524902 -10.0
13 22 Cyclist -10.0 514.0 139.0 531.0 189.0 0.0 0.0 0.0 -3.266535445964498 -0.6609275397622189 28.310394287109375 -10.0
13 3 Cyclist -10.0 563.0 144.0 579.0 190.0 0.0 0.0 0.0 -1.4094543373879898 -0.5754573855207028 30.124290466308594 -10.0
14 1 Cyclist -10.0 573.0 139.0 676.0 366.0 0.0 0.0 0.0 0.1822020135637147 0.642421245496653 6.309237957000732 -10.0
14 2 Cyclist -10.0 628.0 136.0 717.0 359.0 0.0 0.0 0.0 0.6285342060631849 0.6154414659240822 6.495378017425537 -10.0
14 4 Cyclist -10.0 535.0 142.0 552.0 194.0 0.0 0.0 0.0 -2.540661736693357 -0.5245015809494177 29.6522216796875 -10.0
14 17 Cyclist -10.0 497.0 141.0 516.0 203.0 0.0 0.0 0.0 -3.446353031756178 -0.300433757867145 24.971372604370117 -10.0
14 18 Cyclist -10.0 283.0 139.0 338.0 309.0 0.0 0.0 0.0 -3.9132569686708614 0.5797398971501236 9.42452621459961 -10.0
14 22 Cyclist -10.0 519.0 138.0 536.0 191.0 0.0 0.0 0.0 -3.0305493960303425 -0.6334278553604288 27.980003356933594 -10.0
14 3 Cyclist -10.0 563.0 142.0 580.0 191.0 0.0 0.0 0.0 -1.4250544443846371 -0.6126246134517782 30.925121307373047 -10.0
14 27 Pedestrian -10.0 462.0 141.0 493.0 187.0 0.0 0.0 0.0 -5.993452787842275 -0.7815644935811831 33.47779846191406 -10.0
14 28 Cyclist -10.0 237.0 128.0 299.0 323.0 0.0 0.0 0.0 -4.2759697022343905 0.5724518381574016 8.995800971984863 -10.0
15 1 Cyclist -10.0 584.0 138.0 687.0 365.0 0.0 0.0 0.0 0.26206773028911234 0.5921676714909984 5.8976149559021 -10.0
15 2 Cyclist -10.0 640.0 137.0 729.0 360.0 0.0 0.0 0.0 0.7117059005514593 0.6017426811528133 6.257397651672363 -10.0
15 4 Cyclist -10.0 535.0 141.0 552.0 194.0 0.0 0.0 0.0 -2.4966488114593224 -0.5360211621244592 29.1385440826416 -10.0
15 17 Cyclist -10.0 500.0 140.0 519.0 203.0 0.0 0.0 0.0 -3.148898129486468 -0.29985669373716956 23.5397891998291 -10.0
15 18 Cyclist -10.0 293.0 140.0 350.0 314.0 0.0 0.0 0.0 -3.5719886448821474 0.5877028596431458 8.93750286102295 -10.0
15 3 Cyclist -10.0 563.0 141.0 580.0 190.0 0.0 0.0 0.0 -1.3675781587309057 -0.6298900107672206 29.677827835083008 -10.0
15 27 Pedestrian -10.0 460.0 139.0 492.0 186.0 0.0 0.0 0.0 -5.5244715590434215 -0.776669755132838 30.496807098388672 -10.0
15 28 Cyclist -10.0 253.0 129.0 313.0 319.0 0.0 0.0 0.0 -3.959492138107345 0.5363492726752721 8.719147682189941 -10.0
16 1 Cyclist -10.0 593.0 138.0 697.0 365.0 0.0 0.0 0.0 0.3415044522821421 0.5925071283633124 5.90099573135376 -10.0
16 2 Cyclist -10.0 655.0 138.0 743.0 359.0 0.0 0.0 0.0 0.8355837938482283 0.5985569016888173 6.224269390106201 -10.0
16 4 Cyclist -10.0 535.0 141.0 552.0 193.0 0.0 0.0 0.0 -2.4800990429258203 -0.5529371347176162 28.945390701293945 -10.0
16 17 Cyclist -10.0 502.0 139.0 522.0 204.0 0.0 0.0 0.0 -3.095682842334641 -0.3027927147911639 23.77027702331543 -10.0
16 18 Cyclist -10.0 306.0 137.0 364.0 314.0 0.0 0.0 0.0 -3.5381237842423854 0.5916136108773459 9.296918869018555 -10.0
16 3 Cyclist -10.0 563.0 142.0 580.0 191.0 0.0 0.0 0.0 -1.4384850692547329 -0.6183983797818158 31.21657943725586 -10.0
16 27 Pedestrian -10.0 458.0 140.0 490.0 187.0 0.0 0.0 0.0 -5.6900958886283695 -0.7439125404519554 30.928159713745117 -10.0
16 28 Cyclist -10.0 254.0 128.0 317.0 324.0 0.0 0.0 0.0 -4.195516715397662 0.5991194719474272 9.311394691467285 -10.0
17 1 Cyclist -10.0 604.0 143.0 707.0 366.0 0.0 0.0 0.0 0.45165824035760754 0.6499540796924967 6.210683345794678 -10.0
17 2 Cyclist -10.0 668.0 142.0 755.0 360.0 0.0 0.0 0.0 0.9381428651246092 0.6156557639773294 6.175031661987305 -10.0
17 4 Cyclist -10.0 536.0 141.0 553.0 193.0 0.0 0.0 0.0 -2.349213115914078 -0.5325467657927647 27.877986907958984 -10.0
17 17 Cyclist -10.0 504.0 139.0 524.0 205.0 0.0 0.0 0.0 -2.8985785434399003 -0.27371963843396974 22.75095558166504 -10.0
17 18 Cyclist -10.0 319.0 138.0 378.0 316.0 0.0 0.0 0.0 -3.3200819845723615 0.6039637459592782 9.18479061126709 -10.0
17 3 Cyclist -10.0 564.0 144.0 581.0 192.0 0.0 0.0 0.0 -1.4488781596154794 -0.5737725240504511 32.43770980834961 -10.0
17 27 Pedestrian -10.0 456.0 140.0 488.0 187.0 0.0 0.0 0.0 -5.848802161781284 -0.7530828628750861 31.309415817260742 -10.0
17 28 Cyclist -10.0 258.0 126.0 321.0 326.0 0.0 0.0 0.0 -3.7157485661185814 0.5373554692612442 8.351470947265625 -10.0
18 1 Cyclist -10.0 617.0 142.0 720.0 366.0 0.0 0.0 0.0 0.5605994908476271 0.6395724623115223 6.153059482574463 -10.0
18 2 Cyclist -10.0 680.0 141.0 766.0 360.0 0.0 0.0 0.0 1.0510857753681133 0.6186506325305756 6.249396324157715 -10.0
18 4 Cyclist -10.0 537.0 141.0 553.0 193.0 0.0 0.0 0.0 -2.3068496059816628 -0.5273689331693536 27.606935501098633 -10.0
18 17 Cyclist -10.0 505.0 139.0 525.0 205.0 0.0 0.0 0.0 -3.0384623863187237 -0.2901501787742311 24.11662483215332 -10.0
18 18 Cyclist -10.0 332.0 136.0 394.0 318.0 0.0 0.0 0.0 -3.2881809455604207 0.6341373161692228 9.643655776977539 -10.0
18 3 Cyclist -10.0 566.0 145.0 582.0 192.0 0.0 0.0 0.0 -1.2570487166533209 -0.501734663990696 29.546344757080078 -10.0
18 27 Pedestrian -10.0 451.0 141.0 483.0 188.0 0.0 0.0 0.0 -5.515711811102793 -0.6440537715225975 28.44937515258789 -10.0
18 28 Cyclist -10.0 262.0 125.0 327.0 329.0 0.0 0.0 0.0 -3.7699159231212915 0.566171640092226 8.610066413879395 -10.0
18 30 Cyclist -10.0 1096.0 143.0 1207.0 363.0 0.0 0.0 0.0 10.49537333699514 1.3898784174818388 13.555890083312988 -10.0
19 1 Cyclist -10.0 636.0 137.0 740.0 365.0 0.0 0.0 0.0 0.7359085639043443 0.6181787679815268 6.2003374099731445 -10.0
19 2 Cyclist -10.0 688.0 136.0 777.0 361.0 0.0 0.0 0.0 1.1209078785972975 0.5934836367365595 6.171513557434082 -10.0
19 4 Cyclist -10.0 537.0 141.0 554.0 192.0 0.0 0.0 0.0 -2.3326247486233345 -0.5577221064035258 28.153657913208008 -10.0
19 17 Cyclist -10.0 506.0 139.0 526.0 205.0 0.0 0.0 0.0 -2.889818201332273 -0.27908874644877407 23.197223663330078 -10.0
19 18 Cyclist -10.0 343.0 138.0 406.0 316.0 0.0 0.0 0.0 -3.090381566355344 0.6258448912550649 9.517548561096191 -10.0
19 3 Cyclist -10.0 567.0 145.0 584.0 193.0 0.0 0.0 0.0 -1.1336483173923304 -0.45639603829436387 28.044296264648438 -10.0
19 27 Pedestrian -10.0 444.0 141.0 477.0 190.0 0.0 0.0 0.0 -5.662769868710843 -0.5918518854934968 27.88562774658203 -10.0
19 28 Cyclist -10.0 269.0 123.0 336.0 331.0 0.0 0.0 0.0 -3.644426262043668 0.5618442250473705 8.544257164001465 -10.0
19 30 Cyclist -10.0 1082.0 143.0 1195.0 363.0 0.0 0.0 0.0 3.2216125530462816 0.4370088306301565 4.262274742126465 -10.0
20 1 Cyclist -10.0 651.0 138.0 755.0 366.0 0.0 0.0 0.0 0.7501215276686463 0.5421501964870675 5.361710548400879 -10.0
20 2 Cyclist -10.0 706.0 135.0 794.0 360.0 0.0 0.0 0.0 1.1953251701940624 0.5487915677431047 5.791954040527344 -10.0
20 4 Cyclist -10.0 538.0 141.0 555.0 193.0 0.0 0.0 0.0 -2.209662123918208 -0.5183101217218338 27.132720947265625 -10.0
20 17 Cyclist -10.0 507.0 138.0 528.0 205.0 0.0 0.0 0.0 -3.2084446272516196 -0.33375733563795845 26.201107025146484 -10.0
20 18 Cyclist -10.0 353.0 135.0 420.0 319.0 0.0 0.0 0.0 -2.898525729014842 0.6193650566150355 9.41900634765625 -10.0
20 3 Cyclist -10.0 568.0 144.0 585.0 193.0 0.0 0.0 0.0 -1.053299505068816 -0.4585171832306992 27.0013370513916 -10.0
20 27 Pedestrian -10.0 440.0 142.0 474.0 191.0 0.0 0.0 0.0 -5.473735040596338 -0.5212652124579755 26.313323974609375 -10.0
20 28 Cyclist -10.0 276.0 126.0 342.0 332.0 0.0 0.0 0.0 -3.517477540348144 0.5780589537501134 8.428284645080566 -10.0
20 30 Cyclist -10.0 1061.0 141.0 1177.0 363.0 0.0 0.0 0.0 3.1266996447033213 0.4341237399049725 4.293359756469727 -10.0
21 1 Cyclist -10.0 668.0 135.0 772.0 367.0 0.0 0.0 0.0 0.8936666778585782 0.5434641428464103 5.450949192047119 -10.0
21 2 Cyclist -10.0 715.0 134.0 806.0 361.0 0.0 0.0 0.0 1.3401034783399715 0.5739604392688662 6.057586669921875 -10.0
21 4 Cyclist -10.0 538.0 140.0 556.0 195.0 0.0 0.0 0.0 -2.147760808004592 -0.4893899891276748 26.603635787963867 -10.0
21 17 Cyclist -10.0 509.0 138.0 531.0 207.0 0.0 0.0 0.0 -3.0443277517686718 -0.2898942522045416 25.60007095336914 -10.0
21 18 Cyclist -10.0 367.0 134.0 433.0 319.0 0.0 0.0 0.0 -2.726842898628162 0.6145429038303567 9.447271347045898 -10.0
21 3 Cyclist -10.0 568.0 143.0 586.0 193.0 0.0 0.0 0.0 -1.0488828029738257 -0.484389937878854 27.384546279907227 -10.0
21 27 Pedestrian -10.0 434.0 141.0 470.0 192.0 0.0 0.0 0.0 -5.412702678691328 -0.4985064665327764 25.16446876525879 -10.0
21 28 Cyclist -10.0 286.0 127.0 351.0 332.0 0.0 0.0 0.0 -3.5347819656090906 0.6064154974864348 8.751498222351074 -10.0
21 30 Cyclist -10.0 1028.0 141.0 1146.0 363.0 0.0 0.0 0.0 3.257023273770157 0.48218409421579433 4.768662929534912 -10.0
22 1 Cyclist -10.0 684.0 135.0 789.0 367.0 0.0 0.0 0.0 1.0243747233066152 0.5453286556415982 5.4696502685546875 -10.0
22 2 Cyclist -10.0 727.0 132.0 821.0 364.0 0.0 0.0 0.0 1.471992856549866 0.5846905675085761 6.125118255615234 -10.0
22 4 Cyclist -10.0 538.0 140.0 557.0 196.0 0.0 0.0 0.0 -2.1170419863083105 -0.46794524889740163 26.45486068725586 -10.0
22 17 Cyclist -10.0 512.0 138.0 533.0 208.0 0.0 0.0 0.0 -2.544698411469821 -0.2341469145606633 22.054380416870117 -10.0
22 18 Cyclist -10.0 381.0 134.0 449.0 321.0 0.0 0.0 0.0 -2.413358518571836 0.5998047518510748 9.024491310119629 -10.0
22 3 Cyclist -10.0 568.0 143.0 586.0 194.0 0.0 0.0 0.0 -1.0028001286760502 -0.4445937073032341 26.181406021118164 -10.0
22 27 Pedestrian -10.0 428.0 140.0 465.0 192.0 0.0 0.0 0.0 -4.226861978836954 -0.38911569501347276 18.965435028076172 -10.0
22 28 Cyclist -10.0 295.0 127.0 362.0 336.0 0.0 0.0 0.0 -3.4380252679498127 0.6361699218404149 8.820817947387695 -10.0
22 30 Cyclist -10.0 993.0 144.0 1113.0 364.0 0.0 0.0 0.0 3.2587650435487547 0.5334992197951837 5.132573127746582 -10.0
23 1 Cyclist -10.0 700.0 135.0 804.0 364.0 0.0 0.0 0.0 1.1376606306942976 0.5306369513891017 5.438005447387695 -10.0
23 2 Cyclist -10.0 743.0 133.0 837.0 364.0 0.0 0.0 0.0 1.5369338068645906 0.5620812285788881 5.844966411590576 -10.0
23 4 Cyclist -10.0 537.0 140.0 556.0 196.0 0.0 0.0 0.0 -2.3591470707737665 -0.512403462842847 28.968265533447266 -10.0
23 17 Cyclist -10.0 512.0 137.0 534.0 208.0 0.0 0.0 0.0 -2.573210750149194 -0.2540985872486718 22.439016342163086 -10.0
23 18 Cyclist -10.0 392.0 133.0 462.0 324.0 0.0 0.0 0.0 -2.264969006905063 0.6138621195450087 9.043551445007324 -10.0
23 3 Cyclist -10.0 568.0 144.0 587.0 195.0 0.0 0.0 0.0 -0.995288355340262 -0.412120535859213 26.47407341003418 -10.0
23 27 Pedestrian -10.0 421.0 139.0 460.0 193.0 0.0 0.0 0.0 -3.393996828979464 -0.3009838184492455 14.669901847839355 -10.0
23 28 Cyclist -10.0 308.0 125.0 376.0 336.0 0.0 0.0 0.0 -3.357130168026857 0.6403901663461578 9.056943893432617 -10.0
23 30 Cyclist -10.0 956.0 144.0 1076.0 366.0 0.0 0.0 0.0 3.115142672096267 0.5633578312063017 5.347074508666992 -10.0
24 1 Cyclist -10.0 717.0 136.0 820.0 363.0 0.0 0.0 0.0 1.3412941584637403 0.5628344019019275 5.767967224121094 -10.0
24 2 Cyclist -10.0 759.0 133.0 854.0 364.0 0.0 0.0 0.0 1.6314794157008254 0.5480219332784269 5.698766708374023 -10.0
24 4 Cyclist -10.0 537.0 141.0 556.0 197.0 0.0 0.0 0.0 -2.193485476514621 -0.43832834880817545 26.934085845947266 -10.0
24 17 Cyclist -10.0 513.0 139.0 535.0 208.0 0.0 0.0 0.0 -2.5169425725593664 -0.2202160530272245 22.22241973876953 -10.0
24 18 Cyclist -10.0 404.0 134.0 476.0 327.0 0.0 0.0 0.0 -2.1958276109207753 0.6690391969096235 9.462122917175293 -10.0
24 3 Cyclist -10.0 569.0 145.0 587.0 196.0 0.0 0.0 0.0 -1.013733472907336 -0.3889371494626253 27.48163604736328 -10.0
24 27 Pedestrian -10.0 417.0 140.0 455.0 191.0 0.0 0.0 0.0 -2.684740360113011 -0.2396982931369671 11.293598175048828 -10.0
24 28 Cyclist -10.0 319.0 126.0 389.0 338.0 0.0 0.0 0.0 -2.9122282872045675 0.5996468993069446 8.233675003051758 -10.0
24 30 Cyclist -10.0 925.0 142.0 1046.0 367.0 0.0 0.0 0.0 2.774216804964354 0.5381849069144754 5.142664909362793 -10.0
25 1 Cyclist -10.0 738.0 135.0 842.0 363.0 0.0 0.0 0.0 1.5303142669853473 0.56377590630703 5.8197922706604 -10.0
25 2 Cyclist -10.0 780.0 133.0 874.0 363.0 0.0 0.0 0.0 1.8231782838640465 0.5520064327703013 5.782724857330322 -10.0
25 4 Cyclist -10.0 539.0 142.0 557.0 196.0 0.0 0.0 0.0 -1.9929130087238391 -0.4088994359303026 25.12575912475586 -10.0
25 17 Cyclist -10.0 515.0 138.0 538.0 209.0 0.0 0.0 0.0 -2.3289291993729 -0.2103323132648558 21.225032806396484 -10.0
25 18 Cyclist -10.0 416.0 135.0 489.0 329.0 0.0 0.0 0.0 -1.8344977208442241 0.6231933795209704 8.556988716125488 -10.0
25 3 Cyclist -10.0 569.0 145.0 588.0 195.0 0.0 0.0 0.0 -1.0052614952973247 -0.41287343251310826 27.784618377685547 -10.0
25 27 Pedestrian -10.0 414.0 139.0 451.0 189.0 0.0 0.0 0.0 -3.1668232442727513 -0.30465705818878097 13.049783706665039 -10.0
25 28 Cyclist -10.0 330.0 126.0 402.0 340.0 0.0 0.0 0.0 -2.795022508676201 0.6162608022169866 8.3006010055542 -10.0
25 30 Cyclist -10.0 899.0 139.0 1021.0 366.0 0.0 0.0 0.0 2.582764229111481 0.5224283818044759 5.130784511566162 -10.0
26 1 Cyclist -10.0 750.0 133.0 856.0 363.0 0.0 0.0 0.0 1.5222439909054302 0.5164998274458829 5.410763740539551 -10.0
26 2 Cyclist -10.0 797.0 132.0 894.0 364.0 0.0 0.0 0.0 1.8083287001851207 0.50555446967663 5.296102046966553 -10.0
26 4 Cyclist -10.0 541.0 143.0 559.0 195.0 0.0 0.0 0.0 -1.8667039992639636 -0.39716827297242097 24.404911041259766 -10.0
26 17 Cyclist -10.0 517.0 140.0 539.0 210.0 0.0 0.0 0.0 -2.2989764460418987 -0.16639472588272916 21.36513900756836 -10.0
26 18 Cyclist -10.0 432.0 135.0 505.0 329.0 0.0 0.0 0.0 -1.654126160529715 0.6282320438837545 8.626173973083496 -10.0
26 3 Cyclist -10.0 570.0 145.0 588.0 195.0 0.0 0.0 0.0 -1.001346259505596 -0.4194640095896347 28.22813606262207 -10.0
26 27 Pedestrian -10.0 406.0 138.0 445.0 189.0 0.0 0.0 0.0 -3.283076026172919 -0.3126527216536115 12.99853515625 -10.0
26 28 Cyclist -10.0 340.0 124.0 415.0 342.0 0.0 0.0 0.0 -2.5861485440454133 0.5991477234318153 8.070099830627441 -10.0
26 30 Cyclist -10.0 874.0 142.0 993.0 365.0 0.0 0.0 0.0 2.503191491860651 0.5546634520393849 5.372737884521484 -10.0
27 1 Cyclist -10.0 762.0 131.0 871.0 363.0 0.0 0.0 0.0 1.5867964231838305 0.49671492649575755 5.281756401062012 -10.0
27 2 Cyclist -10.0 815.0 132.0 912.0 364.0 0.0 0.0 0.0 2.007708483698144 0.5223490982282396 5.472039699554443 -10.0
27 4 Cyclist -10.0 542.0 143.0 560.0 195.0 0.0 0.0 0.0 -1.914596337637264 -0.41503227531031384 25.502605438232422 -10.0
27 17 Cyclist -10.0 518.0 141.0 540.0 210.0 0.0 0.0 0.0 -2.315046806206726 -0.15437263210268481 21.801034927368164 -10.0
27 18 Cyclist -10.0 445.0 134.0 518.0 329.0 0.0 0.0 0.0 -1.490623005882929 0.6200935475381306 8.59791088104248 -10.0
27 3 Cyclist -10.0 571.0 144.0 590.0 196.0 0.0 0.0 0.0 -0.946334482445003 -0.4216356057425192 28.37427520751953 -10.0
27 27 Pedestrian -10.0 398.0 137.0 439.0 191.0 0.0 0.0 0.0 -3.215043785275452 -0.28596315011109785 12.249042510986328 -10.0
27 28 Cyclist -10.0 352.0 123.0 428.0 344.0 0.0 0.0 0.0 -2.690027140153623 0.6658854260529736 8.88438606262207 -10.0
27 30 Cyclist -10.0 839.0 134.0 961.0 364.0 0.0 0.0 0.0 2.4195903595493045 0.5600390456455066 5.781217098236084 -10.0
28 1 Cyclist -10.0 779.0 133.0 890.0 363.0 0.0 0.0 0.0 1.7810306424575864 0.5216931860693838 5.465168476104736 -10.0
28 4 Cyclist -10.0 543.0 141.0 561.0 194.0 0.0 0.0 0.0 -2.003050160371304 -0.5002337152205071 27.1931095123291 -10.0
28 17 Cyclist -10.0 519.0 141.0 542.0 211.0 0.0 0.0 0.0 -2.243836577737399 -0.1374270389151513 21.56119728088379 -10.0
28 18 Cyclist -10.0 458.0 133.0 534.0 332.0 0.0 0.0 0.0 -1.3622067005899552 0.6553001521672904 8.911314010620117 -10.0
28 3 Cyclist -10.0 573.0 143.0 592.0 197.0 0.0 0.0 0.0 -0.7991821177627175 -0.38907053474221925 26.182785034179688 -10.0
28 28 Cyclist -10.0 361.0 122.0 439.0 346.0 0.0 0.0 0.0 -2.391165235761702 0.6267673507859859 8.284300804138184 -10.0
28 30 Cyclist -10.0 815.0 135.0 936.0 363.0 0.0 0.0 0.0 2.004143542496403 0.5057523887958421 5.220822334289551 -10.0
29 1 Cyclist -10.0 794.0 133.0 906.0 365.0 0.0 0.0 0.0 1.8756795055169535 0.5224154116165876 5.3928327560424805 -10.0
29 4 Cyclist -10.0 543.0 139.0 562.0 194.0 0.0 0.0 0.0 -1.6549706967205757 -0.4493967313932224 22.685422897338867 -10.0
29 17 Cyclist -10.0 521.0 139.0 544.0 211.0 0.0 0.0 0.0 -2.2384960365315028 -0.17220258719114642 22.110870361328125 -10.0
29 18 Cyclist -10.0 470.0 133.0 549.0 338.0 0.0 0.0 0.0 -1.1953065824353646 0.6949989428206921 8.935590744018555 -10.0
29 3 Cyclist -10.0 574.0 143.0 593.0 197.0 0.0 0.0 0.0 -0.8441797964823913 -0.43094538999882787 29.000783920288086 -10.0
29 28 Cyclist -10.0 372.0 120.0 452.0 351.0 0.0 0.0 0.0 -2.162415330355778 0.6191050837217321 7.959824562072754 -10.0
29 30 Cyclist -10.0 799.0 138.0 922.0 361.0 0.0 0.0 0.0 1.9435550941100923 0.5229436321311143 5.359163761138916 -10.0
29 2 Cyclist -10.0 852.0 131.0 951.0 365.0 0.0 0.0 0.0 2.321654486333382 0.5268545911650904 5.519238471984863 -10.0
30 1 Cyclist -10.0 827.0 135.0 943.0 363.0 0.0 0.0 0.0 1.9953696790375515 0.48650980595158405 5.022183418273926 -10.0
30 4 Cyclist -10.0 543.0 141.0 561.0 196.0 0.0 0.0 0.0 -1.731191962297011 -0.39910081938110775 23.502403259277344 -10.0
30 17 Cyclist -10.0 526.0 139.0 545.0 202.0 0.0 0.0 0.0 -1.3287319985042187 -0.1938731145213172 13.69874382019043 -10.0
30 18 Cyclist -10.0 482.0 134.0 563.0 342.0 0.0 0.0 0.0 -1.0012227803547527 0.7055983569790165 8.677392959594727 -10.0
30 3 Cyclist -10.0 576.0 144.0 595.0 197.0 0.0 0.0 0.0 -0.7710534765953143 -0.4152337132239031 29.339706420898438 -10.0
30 28 Cyclist -10.0 384.0 124.0 465.0 356.0 0.0 0.0 0.0 -1.954806570181478 0.6476065405572891 7.696479797363281 -10.0
30 30 Cyclist -10.0 780.0 138.0 903.0 364.0 0.0 0.0 0.0 1.7914686511526752 0.531915849108562 5.335119724273682 -10.0
30 27 Pedestrian -10.0 378.0 138.0 418.0 189.0 0.0 0.0 0.0 -5.044558625595041 -0.4162956517281251 17.3074893951416 -10.0
31 1 Cyclist -10.0 843.0 134.0 961.0 366.0 0.0 0.0 0.0 2.1992078408348474 0.5129939190311461 5.2193732261657715 -10.0
31 18 Cyclist -10.0 496.0 135.0 577.0 343.0 0.0 0.0 0.0 -0.7718802166074791 0.6680817245885394 8.075555801391602 -10.0
31 3 Cyclist -10.0 577.0 145.0 596.0 198.0 0.0 0.0 0.0 -0.6905912566190648 -0.35377610496690987 27.77264976501465 -10.0
31 28 Cyclist -10.0 395.0 123.0 478.0 357.0 0.0 0.0 0.0 -1.8207475263951685 0.6463871341738303 7.681987762451172 -10.0
31 30 Cyclist -10.0 758.0 143.0 876.0 361.0 0.0 0.0 0.0 1.8779704104163677 0.6305813101347729 6.236268997192383 -10.0
31 27 Pedestrian -10.0 369.0 138.0 410.0 190.0 0.0 0.0 0.0 -4.4266882819098425 -0.3405214654866308 14.58601188659668 -10.0
31 2 Cyclist -10.0 881.0 128.0 982.0 365.0 0.0 0.0 0.0 2.425191679938483 0.4888135390318459 5.237118721008301 -10.0
32 1 Cyclist -10.0 866.0 137.0 987.0 364.0 0.0 0.0 0.0 2.2536722940589335 0.48924654578546234 4.942200660705566 -10.0
32 18 Cyclist -10.0 512.0 134.0 594.0 349.0 0.0 0.0 0.0 -0.5794982649544816 0.6919459817795648 8.021194458007812 -10.0
32 3 Cyclist -10.0 579.0 146.0 598.0 198.0 0.0 0.0 0.0 -0.5344662310399165 -0.2917895979157289 24.25288963317871 -10.0
32 28 Cyclist -10.0 405.0 122.0 488.0 357.0 0.0 0.0 0.0 -1.6847402274626564 0.6307124707281159 7.559232234954834 -10.0
32 30 Cyclist -10.0 736.0 146.0 850.0 360.0 0.0 0.0 0.0 1.978867458486137 0.759347307332465 7.4061360359191895 -10.0
32 27 Pedestrian -10.0 360.0 140.0 404.0 192.0 0.0 0.0 0.0 -4.560825919066426 -0.29791813847323056 14.52048110961914 -10.0
32 46 Cyclist -10.0 483.0 137.0 501.0 181.0 0.0 0.0 0.0 -5.76342769027435 -1.1059081521434793 36.357749938964844 -10.0
32 49 Cyclist -10.0 515.0 137.0 538.0 200.0 0.0 0.0 0.0 -3.611909145398754 -0.5589838330468971 32.91765594482422 -10.0
32 2 Cyclist -10.0 904.0 132.0 1003.0 364.0 0.0 0.0 0.0 2.4191111786330888 0.46727346061129726 4.895076751708984 -10.0
32 17 Cyclist -10.0 530.0 139.0 550.0 201.0 0.0 0.0 0.0 -1.9311685216405783 -0.316628775112105 21.307764053344727 -10.0
33 1 Cyclist -10.0 883.0 140.0 1008.0 363.0 0.0 0.0 0.0 2.282052196015785 0.4745220218600485 4.72593879699707 -10.0
33 18 Cyclist -10.0 526.0 133.0 609.0 348.0 0.0 0.0 0.0 -0.4137527987541452 0.6785535041517519 7.997059345245361 -10.0
33 3 Cyclist -10.0 580.0 146.0 599.0 200.0 0.0 0.0 0.0 -0.47501129506881995 -0.24453891859242496 23.033206939697266 -10.0
33 28 Cyclist -10.0 419.0 122.0 504.0 359.0 0.0 0.0 0.0 -1.5572489747497735 0.6552373636515918 7.722268104553223 -10.0
33 30 Cyclist -10.0 710.0 147.0 820.0 356.0 0.0 0.0 0.0 1.7718585260363422 0.7817011898084406 7.785248756408691 -10.0
33 27 Pedestrian -10.0 352.0 141.0 397.0 193.0 0.0 0.0 0.0 -4.332057251912481 -0.2548610840367775 13.341577529907227 -10.0
33 46 Cyclist -10.0 484.0 138.0 504.0 185.0 0.0 0.0 0.0 -3.7265065756664235 -0.6434167795927493 23.935232162475586 -10.0
33 49 Cyclist -10.0 518.0 135.0 540.0 199.0 0.0 0.0 0.0 -3.0441756357237364 -0.5476251460610235 28.667316436767578 -10.0
33 2 Cyclist -10.0 922.0 135.0 1022.0 366.0 0.0 0.0 0.0 2.4994386649491944 0.47549705356362804 4.803308010101318 -10.0
33 17 Cyclist -10.0 530.0 137.0 549.0 200.0 0.0 0.0 0.0 -2.359834615114274 -0.43872678959934197 25.835912704467773 -10.0
34 1 Cyclist -10.0 906.0 141.0 1036.0 363.0 0.0 0.0 0.0 2.4428213411461357 0.4759791497926167 4.7072978019714355 -10.0
34 18 Cyclist -10.0 539.0 135.0 622.0 349.0 0.0 0.0 0.0 -0.2613823963946722 0.6816089059367183 7.837119102478027 -10.0
34 3 Cyclist -10.0 585.0 146.0 604.0 200.0 0.0 0.0 0.0 -0.336304246038547 -0.2634793927101399 24.817216873168945 -10.0
34 28 Cyclist -10.0 435.0 119.0 520.0 362.0 0.0 0.0 0.0 -1.4612319435934347 0.6925525589445082 8.162044525146484 -10.0
34 30 Cyclist -10.0 691.0 147.0 798.0 354.0 0.0 0.0 0.0 1.5073443254443697 0.7513545520932265 7.589925765991211 -10.0
34 27 Pedestrian -10.0 343.0 140.0 388.0 192.0 0.0 0.0 0.0 -4.395174437581092 -0.2672422808157458 13.025344848632812 -10.0
34 49 Cyclist -10.0 519.0 134.0 542.0 199.0 0.0 0.0 0.0 -2.5272164272280375 -0.4810687158658592 24.284215927124023 -10.0
34 2 Cyclist -10.0 937.0 136.0 1039.0 363.0 0.0 0.0 0.0 2.451749747577913 0.44060004134871844 4.515300750732422 -10.0
34 17 Cyclist -10.0 530.0 136.0 550.0 200.0 0.0 0.0 0.0 -2.044725791984667 -0.39906380931183427 22.560710906982422 -10.0
35 1 Cyclist -10.0 931.0 141.0 1066.0 362.0 0.0 0.0 0.0 2.6044650754710754 0.4687908503527682 4.668859958648682 -10.0
35 18 Cyclist -10.0 551.0 136.0 637.0 355.0 0.0 0.0 0.0 -0.11070569331356576 0.7137043870698417 7.764237403869629 -10.0
35 3 Cyclist -10.0 583.0 144.0 604.0 204.0 0.0 0.0 0.0 -0.14136637332093052 -0.08692748073505968 9.4461030960083 -10.0
35 28 Cyclist -10.0 452.0 121.0 538.0 363.0 0.0 0.0 0.0 -1.1875177698715274 0.6694496516346307 7.697312355041504 -10.0
35 30 Cyclist -10.0 673.0 148.0 778.0 351.0 0.0 0.0 0.0 1.3737738978421026 0.7806162486091863 7.999811172485352 -10.0
35 49 Cyclist -10.0 523.0 136.0 545.0 200.0 0.0 0.0 0.0 -2.316643209297738 -0.41342396072856763 23.372549057006836 -10.0
35 2 Cyclist -10.0 960.0 136.0 1064.0 364.0 0.0 0.0 0.0 2.6718595285047337 0.4551805261103342 4.631160259246826 -10.0
35 17 Cyclist -10.0 535.0 138.0 557.0 209.0 0.0 0.0 0.0 -1.6387684354967238 -0.1976914282395276 19.949417114257812 -10.0
35 4 Cyclist -10.0 541.0 139.0 564.0 208.0 0.0 0.0 0.0 -1.3411294730789516 -0.182173375791951 18.383460998535156 -10.0
36 1 Cyclist -10.0 954.0 139.0 1096.0 362.0 0.0 0.0 0.0 2.6689572797939203 0.44381358882104005 4.48325252532959 -10.0
36 18 Cyclist -10.0 565.0 136.0 652.0 358.0 0.0 0.0 0.0 0.04531857486301436 0.6819775779197879 7.251723766326904 -10.0
36 3 Cyclist -10.0 582.0 143.0 605.0 209.0 0.0 0.0 0.0 -0.3829395186851803 -0.16309328018094202 25.588024139404297 -10.0
36 28 Cyclist -10.0 465.0 121.0 553.0 362.0 0.0 0.0 0.0 -1.029833510733022 0.6606239206989328 7.658102035522461 -10.0
36 30 Cyclist -10.0 655.0 148.0 757.0 347.0 0.0 0.0 0.0 1.1231054302177803 0.7382425909377867 7.7914228439331055 -10.0
36 2 Cyclist -10.0 997.0 133.0 1108.0 364.0 0.0 0.0 0.0 2.791093136201146 0.423211508280386 4.400888919830322 -10.0
36 17 Cyclist -10.0 537.0 140.0 560.0 213.0 0.0 0.0 0.0 -1.6337434425099282 -0.11776883052172545 20.782800674438477 -10.0
37 1 Cyclist -10.0 974.0 140.0 1121.0 362.0 0.0 0.0 0.0 2.8379986385423175 0.4511767734285821 4.525306224822998 -10.0
37 18 Cyclist -10.0 579.0 135.0 668.0 359.0 0.0 0.0 0.0 0.19237707017664957 0.658739841084529 7.0046281814575195 -10.0
37 3 Cyclist -10.0 585.0 143.0 607.0 205.0 0.0 0.0 0.0 -0.2548698938742411 -0.20520410467024552 22.29880714416504 -10.0
37 28 Cyclist -10.0 476.0 124.0 565.0 363.0 0.0 0.0 0.0 -0.8434662183616377 0.6357013029183767 7.135226249694824 -10.0
37 30 Cyclist -10.0 631.0 147.0 730.0 346.0 0.0 0.0 0.0 0.8055303258325148 0.6956380384460789 7.453023910522461 -10.0
37 2 Cyclist -10.0 1025.0 132.0 1142.0 364.0 0.0 0.0 0.0 2.9697084842375037 0.4180808225004946 4.3797430992126465 -10.0
37 4 Cyclist -10.0 541.0 140.0 566.0 216.0 0.0 0.0 0.0 -1.1627739165739885 -0.05762215160680237 16.25377082824707 -10.0
38 1 Cyclist -10.0 1004.0 138.0 1159.0 363.0 0.0 0.0 0.0 2.6535740360007964 0.38903525947966466 3.929900646209717 -10.0
38 18 Cyclist -10.0 597.0 136.0 686.0 359.0 0.0 0.0 0.0 0.3665130516938041 0.6561965299969464 6.925507545471191 -10.0
38 3 Cyclist -10.0 585.0 144.0 605.0 201.0 0.0 0.0 0.0 -0.29097587758909366 -0.2565383598899752 22.654468536376953 -10.0
38 28 Cyclist -10.0 490.0 126.0 580.0 365.0 0.0 0.0 0.0 -0.6971343980008887 0.655880378553865 7.1351823806762695 -10.0
38 30 Cyclist -10.0 607.0 143.0 710.0 353.0 0.0 0.0 0.0 0.5431320256179254 0.6736267941079144 7.056798934936523 -10.0
38 4 Cyclist -10.0 544.0 139.0 567.0 209.0 0.0 0.0 0.0 -0.5647037962569555 -0.0756318615915863 8.218647956848145 -10.0
39 1 Cyclist -10.0 1030.0 141.0 1189.0 363.0 0.0 0.0 0.0 2.8807199664651364 0.4074888910904321 4.029948711395264 -10.0
39 18 Cyclist -10.0 607.0 135.0 698.0 360.0 0.0 0.0 0.0 0.4588147302496055 0.6348295644546508 6.700000286102295 -10.0
39 3 Cyclist -10.0 585.0 143.0 605.0 201.0 0.0 0.0 0.0 -0.28110711857935555 -0.26331466678123777 21.886117935180664 -10.0
39 28 Cyclist -10.0 507.0 123.0 597.0 362.0 0.0 0.0 0.0 -0.5140162722998352 0.6118425459990051 6.978208065032959 -10.0
40 1 Cyclist -10.0 1049.0 147.0 1207.0 363.0 0.0 0.0 0.0 2.912579992661436 0.41412537448627607 3.9306442737579346 -10.0
40 18 Cyclist -10.0 620.0 137.0 711.0 359.0 0.0 0.0 0.0 0.5486067591595168 0.6028684378780529 6.31554651260376 -10.0
40 3 Cyclist -10.0 588.0 140.0 607.0 198.0 0.0 0.0 0.0 -0.2205835839662059 -0.38565762106322743 23.697612762451172 -10.0
40 28 Cyclist -10.0 520.0 128.0 610.0 366.0 0.0 0.0 0.0 -0.34512227694853015 0.5871937445958783 6.243851661682129 -10.0
40 66 Cyclist -10.0 519.0 133.0 538.0 203.0 0.0 0.0 0.0 -2.697240926611951 -0.44631765715857297 25.23216438293457 -10.0
40 30 Cyclist -10.0 576.0 141.0 679.0 355.0 0.0 0.0 0.0 0.21227125646832687 0.6117747782241203 6.408847808837891 -10.0
41 1 Cyclist -10.0 1063.0 148.0 1221.0 363.0 0.0 0.0 0.0 2.599658159867002 0.3624288214725614 3.41703462600708 -10.0
41 18 Cyclist -10.0 632.0 131.0 725.0 360.0 0.0 0.0 0.0 0.6756868668720997 0.5901103596864923 6.419684410095215 -10.0
41 3 Cyclist -10.0 588.0 136.0 610.0 200.0 0.0 0.0 0.0 -0.05152648536448701 -0.1268196051992538 7.169631481170654 -10.0
41 28 Cyclist -10.0 536.0 126.0 628.0 364.0 0.0 0.0 0.0 -0.19694697447183865 0.5752253028975552 6.306267738342285 -10.0
41 66 Cyclist -10.0 520.0 136.0 539.0 204.0 0.0 0.0 0.0 -2.5620045069709523 -0.36092050501788575 24.288408279418945 -10.0
41 4 Cyclist -10.0 544.0 140.0 566.0 207.0 0.0 0.0 0.0 -1.7706627459486235 -0.2527704098856913 25.50754165649414 -10.0
42 1 Cyclist -10.0 1073.0 144.0 1224.0 363.0 0.0 0.0 0.0 2.9593941025025363 0.396783352886196 3.843435049057007 -10.0
42 18 Cyclist -10.0 649.0 130.0 742.0 361.0 0.0 0.0 0.0 0.866131748211568 0.6157701732931129 6.698832035064697 -10.0
42 28 Cyclist -10.0 546.0 128.0 641.0 365.0 0.0 0.0 0.0 -0.09400363004210548 0.5862758386244412 6.2813239097595215 -10.0
42 66 Cyclist -10.0 521.0 138.0 539.0 204.0 0.0 0.0 0.0 -2.5943403867050874 -0.332922384299575 24.76095962524414 -10.0
42 4 Cyclist -10.0 545.0 140.0 567.0 209.0 0.0 0.0 0.0 -1.548104952127594 -0.1933980126504127 22.76527976989746 -10.0
42 17 Cyclist -10.0 548.0 141.0 572.0 218.0 0.0 0.0 0.0 -1.2818543824215751 -0.029271180619162406 20.560468673706055 -10.0
43 1 Cyclist -10.0 1088.0 141.0 1224.0 363.0 0.0 0.0 0.0 11.169153531341026 1.4468089335593632 14.308526992797852 -10.0
43 18 Cyclist -10.0 664.0 130.0 758.0 363.0 0.0 0.0 0.0 0.9585778118451878 0.5916632743809239 6.339044570922852 -10.0
43 28 Cyclist -10.0 563.0 127.0 658.0 363.0 0.0 0.0 0.0 0.05687149235491853 0.5714386166831924 6.264753818511963 -10.0
43 66 Cyclist -10.0 520.0 136.0 539.0 204.0 0.0 0.0 0.0 -2.6850851806327642 -0.3782594046080677 25.455242156982422 -10.0
43 4 Cyclist -10.0 545.0 139.0 568.0 211.0 0.0 0.0 0.0 -0.5530939187899094 -0.06400961243697124 8.218855857849121 -10.0
43 17 Cyclist -10.0 552.0 142.0 576.0 217.0 0.0 0.0 0.0 -0.4510975649689918 -0.011328816081718276 7.957511901855469 -10.0
43 30 Cyclist -10.0 519.0 144.0 614.0 343.0 0.0 0.0 0.0 -0.38265649404444363 0.6414032897108473 7.199226379394531 -10.0
43 3 Cyclist -10.0 589.0 143.0 610.0 204.0 0.0 0.0 0.0 -0.1531254135774726 -0.23418355148468042 23.631906509399414 -10.0
44 1 Cyclist -10.0 1106.0 140.0 1224.0 357.0 0.0 0.0 0.0 11.2694523058024 1.3660598496989496 14.205373764038086 -10.0
44 18 Cyclist -10.0 680.0 129.0 774.0 363.0 0.0 0.0 0.0 1.098482500763876 0.5852926555910082 6.318663597106934 -10.0
44 28 Cyclist -10.0 580.0 125.0 676.0 363.0 0.0 0.0 0.0 0.21153609089624076 0.5615356096808095 6.253143787384033 -10.0
44 66 Cyclist -10.0 522.0 137.0 540.0 204.0 0.0 0.0 0.0 -1.048722801827454 -0.1435953551624157 10.14620304107666 -10.0
44 4 Cyclist -10.0 547.0 139.0 569.0 209.0 0.0 0.0 0.0 -1.3699083325839447 -0.19342827164085008 21.019168853759766 -10.0
44 17 Cyclist -10.0 555.0 142.0 580.0 221.0 0.0 0.0 0.0 -0.9144032996484317 0.024831423561448098 17.673686981201172 -10.0
44 30 Cyclist -10.0 502.0 146.0 593.0 336.0 0.0 0.0 0.0 -0.6547349978914042 0.7000029359726664 8.181662559509277 -10.0
44 3 Cyclist -10.0 590.0 143.0 609.0 200.0 0.0 0.0 0.0 -0.16013370586138256 -0.31480775204328876 24.713499069213867 -10.0
45 18 Cyclist -10.0 694.0 130.0 789.0 363.0 0.0 0.0 0.0 1.2321416141330992 0.5917191297111983 6.3396430015563965 -10.0
45 28 Cyclist -10.0 602.0 121.0 700.0 361.0 0.0 0.0 0.0 0.41811463622013784 0.5390863311079042 6.300862789154053 -10.0
45 66 Cyclist -10.0 523.0 136.0 539.0 192.0 0.0 0.0 0.0 -2.1270888209730425 -0.48043694198898174 20.579198837280273 -10.0
45 4 Cyclist -10.0 549.0 139.0 572.0 214.0 0.0 0.0 0.0 -1.2058754928079434 -0.11086061369034199 19.56369972229004 -10.0
45 17 Cyclist -10.0 557.0 140.0 583.0 223.0 0.0 0.0 0.0 -0.9069847993026522 0.026436669257344524 18.81621551513672 -10.0
45 30 Cyclist -10.0 483.0 147.0 572.0 333.0 0.0 0.0 0.0 -0.9242617045746397 0.7180264567498224 8.533385276794434 -10.0
45 3 Cyclist -10.0 594.0 142.0 614.0 203.0 0.0 0.0 0.0 -0.0025995455624818926 -0.255694367328678 22.579936981201172 -10.0
45 74 Cyclist -10.0 552.0 139.0 579.0 220.0 0.0 0.0 0.0 -1.057475742690211 -0.027589851135312787 19.379480361938477 -10.0
46 18 Cyclist -10.0 710.0 130.0 804.0 362.0 0.0 0.0 0.0 1.2806963664100408 0.5485085490178396 5.9215521812438965 -10.0
46 28 Cyclist -10.0 620.0 115.0 720.0 361.0 0.0 0.0 0.0 0.5802435558545511 0.5060813617729757 6.223748683929443 -10.0
46 66 Cyclist -10.0 522.0 135.0 541.0 204.0 0.0 0.0 0.0 -1.9949454424494253 -0.30252332562975864 19.43369483947754 -10.0
46 4 Cyclist -10.0 549.0 140.0 571.0 211.0 0.0 0.0 0.0 -1.3870751567457849 -0.1575387914123281 22.248170852661133 -10.0
46 17 Cyclist -10.0 558.0 140.0 585.0 224.0 0.0 0.0 0.0 -0.8399104692890235 0.038498109192246374 18.226905822753906 -10.0
46 30 Cyclist -10.0 464.0 149.0 548.0 331.0 0.0 0.0 0.0 -1.1111617826982902 0.6739992741007208 8.010144233703613 -10.0
46 3 Cyclist -10.0 596.0 144.0 617.0 205.0 0.0 0.0 0.0 0.07527196635065976 -0.1869381431745151 22.00487518310547 -10.0
46 74 Cyclist -10.0 552.0 139.0 580.0 222.0 0.0 0.0 0.0 -1.198442494210813 -0.00020770561118441518 22.25122833251953 -10.0
47 18 Cyclist -10.0 728.0 128.0 823.0 362.0 0.0 0.0 0.0 1.4241012087155502 0.535794417257961 5.873981952667236 -10.0
47 28 Cyclist -10.0 635.0 117.0 734.0 360.0 0.0 0.0 0.0 0.7243620460139595 0.5223694254725398 6.368671894073486 -10.0
47 66 Cyclist -10.0 523.0 135.0 543.0 206.0 0.0 0.0 0.0 -2.069841829414343 -0.2913853589014494 20.58879280090332 -10.0
47 4 Cyclist -10.0 550.0 140.0 571.0 209.0 0.0 0.0 0.0 -1.476032408927894 -0.203433948139946 23.946630477905273 -10.0
47 17 Cyclist -10.0 558.0 140.0 585.0 225.0 0.0 0.0 0.0 -0.9281546353189474 0.05678649321529495 20.14189338684082 -10.0
47 30 Cyclist -10.0 446.0 150.0 529.0 330.0 0.0 0.0 0.0 -1.42205986734242 0.7257004677568594 8.624587059020996 -10.0
47 3 Cyclist -10.0 598.0 144.0 619.0 207.0 0.0 0.0 0.0 0.14225394441160705 -0.16118422081454564 22.762990951538086 -10.0
47 74 Cyclist -10.0 552.0 138.0 579.0 222.0 0.0 0.0 0.0 -1.2814236202573668 -0.016825962925718953 23.48358726501465 -10.0
48 18 Cyclist -10.0 743.0 129.0 839.0 363.0 0.0 0.0 0.0 1.5071649362775523 0.5280873922531001 5.7010908126831055 -10.0
48 28 Cyclist -10.0 653.0 116.0 754.0 360.0 0.0 0.0 0.0 0.8478009969795397 0.4902801069391794 6.029426097869873 -10.0
48 66 Cyclist -10.0 523.0 134.0 544.0 207.0 0.0 0.0 0.0 -2.339614251060839 -0.3316962254172532 23.437089920043945 -10.0
48 4 Cyclist -10.0 551.0 140.0 573.0 208.0 0.0 0.0 0.0 -1.4361571942434228 -0.22205773572324652 24.130231857299805 -10.0
48 17 Cyclist -10.0 563.0 140.0 590.0 225.0 0.0 0.0 0.0 -0.7395539109507256 0.05345003393914724 18.958467483520508 -10.0
48 30 Cyclist -10.0 426.0 147.0 510.0 331.0 0.0 0.0 0.0 -1.7655335229211202 0.7588991483746804 9.173327445983887 -10.0
48 3 Cyclist -10.0 599.0 144.0 621.0 208.0 0.0 0.0 0.0 0.18335054165329692 -0.13960861538450753 21.90346908569336 -10.0
48 74 Cyclist -10.0 553.0 140.0 578.0 216.0 0.0 0.0 0.0 -1.2433569335219514 -0.08077981850233722 22.78597068786621 -10.0
49 18 Cyclist -10.0 759.0 130.0 856.0 365.0 0.0 0.0 0.0 1.6907433442510713 0.556825409076406 5.876743316650391 -10.0
49 28 Cyclist -10.0 672.0 115.0 775.0 363.0 0.0 0.0 0.0 1.0042232317271542 0.49188678466092534 5.945768356323242 -10.0
49 66 Cyclist -10.0 523.0 132.0 544.0 208.0 0.0 0.0 0.0 -2.512906006672775 -0.3740659472567577 25.17304039001465 -10.0
49 4 Cyclist -10.0 552.0 140.0 573.0 205.0 0.0 0.0 0.0 -1.5042669613314854 -0.2896502727805368 25.57852554321289 -10.0
49 17 Cyclist -10.0 567.0 139.0 594.0 225.0 0.0 0.0 0.0 -0.6341627018886551 0.04016125331831615 19.014320373535156 -10.0
49 30 Cyclist -10.0 408.0 148.0 491.0 329.0 0.0 0.0 0.0 -2.053461150828543 0.7703850133616337 9.392451286315918 -10.0
49 3 Cyclist -10.0 602.0 143.0 624.0 208.0 0.0 0.0 0.0 0.28214909540179656 -0.15838894681212726 22.36823272705078 -10.0
49 74 Cyclist -10.0 555.0 140.0 578.0 210.0 0.0 0.0 0.0 -1.189884942047069 -0.17434742776683035 22.386268615722656 -10.0
49 81 Pedestrian -10.0 484.0 140.0 513.0 185.0 0.0 0.0 0.0 -5.437796025111677 -0.9274002608961021 36.415409088134766 -10.0
50 18 Cyclist -10.0 778.0 127.0 877.0 366.0 0.0 0.0 0.0 1.81835447099153 0.5371056570309389 5.754517555236816 -10.0
50 28 Cyclist -10.0 691.0 114.0 796.0 363.0 0.0 0.0 0.0 1.1329354438606947 0.4712626462322161 5.745583534240723 -10.0
50 66 Cyclist -10.0 522.0 132.0 545.0 209.0 0.0 0.0 0.0 -2.330054946996782 -0.33034096564559384 23.34132957458496 -10.0
50 4 Cyclist -10.0 553.0 139.0 574.0 205.0 0.0 0.0 0.0 -1.3712742658713186 -0.2874440425924416 23.89169692993164 -10.0
50 17 Cyclist -10.0 570.0 140.0 598.0 226.0 0.0 0.0 0.0 -0.554910951028343 0.06890032394624263 19.53795051574707 -10.0
50 30 Cyclist -10.0 388.0 145.0 467.0 323.0 0.0 0.0 0.0 -2.274159158234043 0.6889315948060044 9.10595703125 -10.0
50 3 Cyclist -10.0 603.0 143.0 626.0 209.0 0.0 0.0 0.0 0.3100984431060325 -0.13413411050444865 21.04456329345703 -10.0
50 74 Cyclist -10.0 556.0 139.0 579.0 207.0 0.0 0.0 0.0 -1.0832180929947361 -0.2222792166749837 20.93655776977539 -10.0
50 81 Pedestrian -10.0 481.0 140.0 508.0 185.0 0.0 0.0 0.0 -5.495198065532793 -0.9029801908610637 35.45652770996094 -10.0
51 18 Cyclist -10.0 802.0 127.0 900.0 364.0 0.0 0.0 0.0 1.9490690028463749 0.5130298864872701 5.581142425537109 -10.0
51 28 Cyclist -10.0 705.0 115.0 809.0 362.0 0.0 0.0 0.0 1.16772641043116 0.4428527648742433 5.3992133140563965 -10.0
51 66 Cyclist -10.0 523.0 132.0 546.0 209.0 0.0 0.0 0.0 -2.506912801664485 -0.36052269200009973 25.473918914794922 -10.0
51 4 Cyclist -10.0 554.0 139.0 576.0 210.0 0.0 0.0 0.0 -1.236749539352741 -0.1900817213067118 22.37491226196289 -10.0
51 17 Cyclist -10.0 574.0 138.0 603.0 228.0 0.0 0.0 0.0 -0.4347395447521581 0.06956881800640746 19.727514266967773 -10.0
51 30 Cyclist -10.0 370.0 144.0 449.0 324.0 0.0 0.0 0.0 -2.7162137852258796 0.7467286724147434 9.869890213012695 -10.0
51 3 Cyclist -10.0 606.0 144.0 628.0 209.0 0.0 0.0 0.0 0.38422169202254636 -0.11916327088519903 21.028879165649414 -10.0
51 81 Pedestrian -10.0 477.0 141.0 505.0 185.0 0.0 0.0 0.0 -5.898372285960017 -0.9131514489685085 36.879981994628906 -10.0
52 18 Cyclist -10.0 824.0 126.0 923.0 364.0 0.0 0.0 0.0 2.081454623686616 0.49825841878500765 5.462470054626465 -10.0
52 28 Cyclist -10.0 720.0 116.0 826.0 362.0 0.0 0.0 0.0 1.2457959585414666 0.43139619509840504 5.214577674865723 -10.0
52 66 Cyclist -10.0 524.0 132.0 547.0 210.0 0.0 0.0 0.0 -2.6885724517075364 -0.37268388906325606 27.718204498291016 -10.0
52 4 Cyclist -10.0 555.0 139.0 578.0 211.0 0.0 0.0 0.0 -1.1225723112077728 -0.16448447074607894 21.119861602783203 -10.0
52 17 Cyclist -10.0 577.0 140.0 606.0 229.0 0.0 0.0 0.0 -0.3287722536148491 0.10435397631309291 18.476337432861328 -10.0
52 30 Cyclist -10.0 352.0 143.0 432.0 323.0 0.0 0.0 0.0 -3.0693709237491134 0.759716390257381 10.232847213745117 -10.0
52 3 Cyclist -10.0 607.0 144.0 630.0 209.0 0.0 0.0 0.0 0.4606634586761953 -0.12800786577975942 22.58969497680664 -10.0
52 81 Pedestrian -10.0 475.0 142.0 502.0 185.0 0.0 0.0 0.0 -5.592905918246833 -0.822937893028259 34.21363830566406 -10.0
53 18 Cyclist -10.0 847.0 122.0 949.0 366.0 0.0 0.0 0.0 2.2130553012541623 0.47807251893773006 5.323716163635254 -10.0
53 28 Cyclist -10.0 736.0 108.0 849.0 363.0 0.0 0.0 0.0 1.4505393610565531 0.42336633059754974 5.443214416503906 -10.0
53 66 Cyclist -10.0 525.0 132.0 548.0 209.0 0.0 0.0 0.0 -2.2292795252069344 -0.33008355105007653 23.32314109802246 -10.0
53 4 Cyclist -10.0 555.0 139.0 578.0 211.0 0.0 0.0 0.0 -1.1064369354084198 -0.16212024109053882 20.816293716430664 -10.0
53 17 Cyclist -10.0 579.0 140.0 609.0 231.0 0.0 0.0 0.0 -0.24624973841780567 0.12196951254939506 17.270488739013672 -10.0
53 30 Cyclist -10.0 334.0 144.0 417.0 325.0 0.0 0.0 0.0 -3.2191322806522633 0.7603938766766235 9.957438468933105 -10.0
53 3 Cyclist -10.0 609.0 145.0 632.0 210.0 0.0 0.0 0.0 0.5164500875865072 -0.09457315686706481 22.240365982055664 -10.0
53 81 Pedestrian -10.0 473.0 141.0 501.0 186.0 0.0 0.0 0.0 -5.745388164118721 -0.8345434744707636 34.69614028930664 -10.0
53 86 Cyclist -10.0 726.0 112.0 906.0 361.0 0.0 0.0 0.0 1.5428271288992816 0.4076477315313949 5.147518157958984 -10.0
54 18 Cyclist -10.0 868.0 129.0 973.0 365.0 0.0 0.0 0.0 2.265847103518986 0.4761536704641553 5.0631208419799805 -10.0
54 28 Cyclist -10.0 756.0 106.0 870.0 360.0 0.0 0.0 0.0 1.500175999970439 0.37693790230667956 5.077089309692383 -10.0
54 66 Cyclist -10.0 525.0 131.0 549.0 211.0 0.0 0.0 0.0 -1.8959345634805715 -0.26868687178836975 19.983470916748047 -10.0
54 4 Cyclist -10.0 555.0 138.0 578.0 211.0 0.0 0.0 0.0 -1.1050415377036233 -0.17661775506954352 20.790040969848633 -10.0
54 17 Cyclist -10.0 581.0 140.0 612.0 232.0 0.0 0.0 0.0 -0.18018059717343204 0.13055690143146853 16.803831100463867 -10.0
54 30 Cyclist -10.0 317.0 143.0 397.0 320.0 0.0 0.0 0.0 -3.0755002853057585 0.6347309682101152 8.80086612701416 -10.0
54 3 Cyclist -10.0 612.0 145.0 634.0 209.0 0.0 0.0 0.0 0.5484255403471885 -0.10165176068955654 20.496437072753906 -10.0
54 86 Cyclist -10.0 744.0 110.0 926.0 361.0 0.0 0.0 0.0 1.6361753743020566 0.3896561248385482 5.00980281829834 -10.0
55 18 Cyclist -10.0 895.0 134.0 1006.0 363.0 0.0 0.0 0.0 2.5165789714251283 0.4939421862327757 5.136402606964111 -10.0
55 66 Cyclist -10.0 526.0 131.0 550.0 211.0 0.0 0.0 0.0 -2.00152821048951 -0.28794377972984125 21.415695190429688 -10.0
55 4 Cyclist -10.0 557.0 139.0 580.0 211.0 0.0 0.0 0.0 -1.045374767490445 -0.16178286112021625 20.772974014282227 -10.0
55 17 Cyclist -10.0 585.0 140.0 615.0 232.0 0.0 0.0 0.0 -0.0941319640256029 0.12669783191508893 16.3071346282959 -10.0
55 30 Cyclist -10.0 304.0 143.0 381.0 317.0 0.0 0.0 0.0 -3.3556190800203063 0.6349113406957724 9.070171356201172 -10.0
55 3 Cyclist -10.0 615.0 145.0 638.0 210.0 0.0 0.0 0.0 0.645410691716732 -0.08655722416723287 20.35529327392578 -10.0
55 86 Cyclist -10.0 769.0 107.0 952.0 360.0 0.0 0.0 0.0 1.7865368819793987 0.36921917365388923 4.926201343536377 -10.0
55 81 Pedestrian -10.0 467.0 143.0 494.0 186.0 0.0 0.0 0.0 -5.2850035692616935 -0.6845280772975874 30.237220764160156 -10.0
56 18 Cyclist -10.0 920.0 134.0 1039.0 364.0 0.0 0.0 0.0 2.633767109195612 0.48051871728512846 4.960338115692139 -10.0
56 66 Cyclist -10.0 527.0 133.0 551.0 211.0 0.0 0.0 0.0 -1.9553116227223926 -0.2555730800174898 21.24265480041504 -10.0
56 4 Cyclist -10.0 558.0 140.0 581.0 211.0 0.0 0.0 0.0 -1.0022165029263157 -0.1450981493968104 20.491260528564453 -10.0
56 17 Cyclist -10.0 588.0 140.0 619.0 234.0 0.0 0.0 0.0 -0.01316468777925034 0.1470305875916479 16.009775161743164 -10.0
56 30 Cyclist -10.0 287.0 145.0 362.0 316.0 0.0 0.0 0.0 -3.640605387063528 0.6509955288786087 9.206933975219727 -10.0
56 3 Cyclist -10.0 617.0 144.0 640.0 211.0 0.0 0.0 0.0 0.7065217513018736 -0.08699222303752914 20.457590103149414 -10.0
56 86 Cyclist -10.0 794.0 104.0 981.0 359.0 0.0 0.0 0.0 1.9198025805103784 0.3454157945491158 4.789364814758301 -10.0
56 81 Pedestrian -10.0 463.0 143.0 491.0 187.0 0.0 0.0 0.0 -5.817715229124789 -0.7098834524324276 32.36832046508789 -10.0
57 18 Cyclist -10.0 946.0 129.0 1075.0 364.0 0.0 0.0 0.0 2.640899437541917 0.42882371264867997 4.594391345977783 -10.0
57 66 Cyclist -10.0 528.0 134.0 552.0 213.0 0.0 0.0 0.0 -1.8702625977310448 -0.20449275323670013 20.635751724243164 -10.0
57 4 Cyclist -10.0 560.0 139.0 583.0 211.0 0.0 0.0 0.0 -0.904921310181937 -0.1529412390703845 19.637706756591797 -10.0
57 17 Cyclist -10.0 592.0 141.0 623.0 235.0 0.0 0.0 0.0 0.07564011351533032 0.1657993408458958 15.644207954406738 -10.0
57 30 Cyclist -10.0 273.0 144.0 348.0 318.0 0.0 0.0 0.0 -3.9216241354234067 0.6744846101271683 9.444677352905273 -10.0
57 3 Cyclist -10.0 619.0 144.0 643.0 210.0 0.0 0.0 0.0 0.7939172926465455 -0.10342106864377662 20.85318946838379 -10.0
57 86 Cyclist -10.0 815.0 103.0 1006.0 362.0 0.0 0.0 0.0 1.8904640178428707 0.32077573575922474 4.362174034118652 -10.0
57 81 Pedestrian -10.0 457.0 143.0 486.0 187.0 0.0 0.0 0.0 -6.175716059416343 -0.7223061353021261 32.93475341796875 -10.0
58 18 Cyclist -10.0 971.0 123.0 1111.0 364.0 0.0 0.0 0.0 2.7377860994115197 0.39472445181933136 4.4304585456848145 -10.0
58 66 Cyclist -10.0 529.0 133.0 554.0 213.0 0.0 0.0 0.0 -2.071443658219849 -0.2484683782208943 23.403324127197266 -10.0
58 4 Cyclist -10.0 561.0 139.0 585.0 213.0 0.0 0.0 0.0 -0.8692251773918975 -0.12603197360589616 19.77340316772461 -10.0
58 17 Cyclist -10.0 596.0 141.0 628.0 237.0 0.0 0.0 0.0 0.17523665563900903 0.1879568371939954 15.646825790405273 -10.0
58 30 Cyclist -10.0 257.0 144.0 330.0 315.0 0.0 0.0 0.0 -4.100631267563352 0.646863810724784 9.33522891998291 -10.0
58 3 Cyclist -10.0 621.0 144.0 644.0 209.0 0.0 0.0 0.0 0.7588574013825149 -0.10698760897367096 18.880226135253906 -10.0
58 86 Cyclist -10.0 843.0 105.0 1035.0 363.0 0.0 0.0 0.0 2.106037363681134 0.3363775529646321 4.446072101593018 -10.0
58 81 Pedestrian -10.0 452.0 144.0 482.0 188.0 0.0 0.0 0.0 -6.263828593971497 -0.6628678717995788 32.30807113647461 -10.0
59 18 Cyclist -10.0 999.0 125.0 1145.0 364.0 0.0 0.0 0.0 2.8138329870067627 0.3848249244007796 4.251847743988037 -10.0
59 66 Cyclist -10.0 531.0 132.0 556.0 214.0 0.0 0.0 0.0 -2.028134682876942 -0.2513047867907311 23.670486450195312 -10.0
59 4 Cyclist -10.0 562.0 139.0 586.0 213.0 0.0 0.0 0.0 -0.8543146845362714 -0.12798787813503174 20.08026885986328 -10.0
59 17 Cyclist -10.0 599.0 140.0 633.0 239.0 0.0 0.0 0.0 0.2635112622740466 0.1988372951634775 15.63232707977295 -10.0
59 30 Cyclist -10.0 244.0 146.0 315.0 313.0 0.0 0.0 0.0 -4.14346402755215 0.6254282916010395 9.02588176727295 -10.0
59 3 Cyclist -10.0 624.0 144.0 646.0 206.0 0.0 0.0 0.0 0.8158400930695578 -0.14530105038704266 18.65670394897461 -10.0
59 86 Cyclist -10.0 873.0 106.0 1066.0 363.0 0.0 0.0 0.0 2.2311188465470346 0.32966491669869225 4.316997051239014 -10.0
59 81 Pedestrian -10.0 450.0 144.0 480.0 189.0 0.0 0.0 0.0 -5.7046485609902025 -0.5745033522409551 29.000770568847656 -10.0
60 18 Cyclist -10.0 1028.0 132.0 1178.0 364.0 0.0 0.0 0.0 2.824267373484592 0.3820651455879678 4.002449035644531 -10.0
60 66 Cyclist -10.0 533.0 131.0 558.0 214.0 0.0 0.0 0.0 -1.7053538342170618 -0.2330788613628604 20.582799911499023 -10.0
60 4 Cyclist -10.0 563.0 139.0 587.0 214.0 0.0 0.0 0.0 -0.8276771346170603 -0.11403065903143202 20.12312126159668 -10.0
60 17 Cyclist -10.0 602.0 140.0 637.0 240.0 0.0 0.0 0.0 0.3398920529663484 0.20927524001081454 15.586398124694824 -10.0
60 30 Cyclist -10.0 236.0 143.0 305.0 311.0 0.0 0.0 0.0 -4.100740071077761 0.5715467002076458 8.691807746887207 -10.0
60 3 Cyclist -10.0 623.0 143.0 646.0 208.0 0.0 0.0 0.0 0.7575000413547782 -0.12467699720062131 17.607315063476562 -10.0
60 86 Cyclist -10.0 903.0 104.0 1100.0 361.0 0.0 0.0 0.0 2.2782603290539405 0.2980597802735786 4.0532636642456055 -10.0
60 81 Pedestrian -10.0 448.0 144.0 480.0 189.0 0.0 0.0 0.0 -5.459910770779599 -0.5459310529592177 27.558448791503906 -10.0
61 18 Cyclist -10.0 1053.0 133.0 1205.0 364.0 0.0 0.0 0.0 3.1789713458560893 0.411776359815277 4.28197717666626 -10.0
61 66 Cyclist -10.0 533.0 131.0 559.0 215.0 0.0 0.0 0.0 -1.6261754808015283 -0.2101713950453109 19.796117782592773 -10.0
61 4 Cyclist -10.0 563.0 139.0 588.0 215.0 0.0 0.0 0.0 -0.8248078701838792 -0.10119417794743323 20.404172897338867 -10.0
61 17 Cyclist -10.0 605.0 139.0 641.0 242.0 0.0 0.0 0.0 0.429001098933568 0.22661188365326915 16.033159255981445 -10.0
61 30 Cyclist -10.0 226.0 143.0 294.0 309.0 0.0 0.0 0.0 -4.493718054025913 0.5941457832914613 9.234094619750977 -10.0
61 3 Cyclist -10.0 626.0 143.0 650.0 209.0 0.0 0.0 0.0 0.8289305067581592 -0.11013597913110525 17.279449462890625 -10.0
61 86 Cyclist -10.0 930.0 97.0 1136.0 363.0 0.0 0.0 0.0 2.3792327878272093 0.27454234920343223 3.9220376014709473 -10.0
61 81 Pedestrian -10.0 445.0 142.0 479.0 189.0 0.0 0.0 0.0 -5.869372203771039 -0.6199215443619661 29.208154678344727 -10.0
62 18 Cyclist -10.0 1068.0 125.0 1224.0 363.0 0.0 0.0 0.0 3.166017719723262 0.3709435872573429 4.13075065612793 -10.0
62 66 Cyclist -10.0 535.0 131.0 561.0 217.0 0.0 0.0 0.0 -1.847859071116474 -0.214389794693542 23.29698371887207 -10.0
62 4 Cyclist -10.0 564.0 140.0 589.0 216.0 0.0 0.0 0.0 -0.7741404940626276 -0.07035395456421181 19.845094680786133 -10.0
62 17 Cyclist -10.0 608.0 140.0 644.0 244.0 0.0 0.0 0.0 0.4771580016114114 0.2502061160713101 15.392143249511719 -10.0
62 30 Cyclist -10.0 214.0 143.0 280.0 306.0 0.0 0.0 0.0 -3.586853023367867 0.4419100513166801 7.1022515296936035 -10.0
62 3 Cyclist -10.0 629.0 144.0 653.0 210.0 0.0 0.0 0.0 0.8210398773497884 -0.07798395480637817 15.72420597076416 -10.0
62 86 Cyclist -10.0 958.0 98.0 1166.0 363.0 0.0 0.0 0.0 2.3616271126676223 0.25783134577725725 3.646470785140991 -10.0
62 81 Pedestrian -10.0 441.0 142.0 476.0 189.0 0.0 0.0 0.0 -5.599731633812847 -0.5772230019492578 27.196374893188477 -10.0
63 18 Cyclist -10.0 1086.0 115.0 1224.0 362.0 0.0 0.0 0.0 10.91729956510074 1.1492284351966215 14.011269569396973 -10.0
63 66 Cyclist -10.0 535.0 131.0 562.0 217.0 0.0 0.0 0.0 -2.1175977590619475 -0.24789518758276016 26.937896728515625 -10.0
63 4 Cyclist -10.0 565.0 140.0 591.0 217.0 0.0 0.0 0.0 -0.6893214141963913 -0.053033669577801 18.687042236328125 -10.0
63 17 Cyclist -10.0 611.0 140.0 648.0 245.0 0.0 0.0 0.0 0.5609047429775239 0.2646548175126349 15.602248191833496 -10.0
63 3 Cyclist -10.0 631.0 144.0 655.0 212.0 0.0 0.0 0.0 0.8478538543389349 -0.05460706375064736 15.403289794921875 -10.0
63 86 Cyclist -10.0 989.0 102.0 1197.0 363.0 0.0 0.0 0.0 2.4741366170130865 0.26310877676367456 3.5779709815979004 -10.0
63 81 Pedestrian -10.0 438.0 143.0 473.0 191.0 0.0 0.0 0.0 -5.018561311476809 -0.4562058252889833 23.88165855407715 -10.0
64 66 Cyclist -10.0 535.0 131.0 563.0 218.0 0.0 0.0 0.0 -1.6626598550624476 -0.1813122521471502 21.342639923095703 -10.0
64 4 Cyclist -10.0 566.0 138.0 593.0 218.0 0.0 0.0 0.0 -0.6468359508289933 -0.06595877347701637 18.605323791503906 -10.0
64 17 Cyclist -10.0 617.0 139.0 654.0 245.0 0.0 0.0 0.0 0.6356910694866035 0.23254542653197002 14.305695533752441 -10.0
64 86 Cyclist -10.0 1013.0 102.0 1223.0 363.0 0.0 0.0 0.0 2.4432134002702193 0.24718111312882948 3.3613734245300293 -10.0
64 81 Pedestrian -10.0 433.0 143.0 470.0 192.0 0.0 0.0 0.0 -5.6607843906397175 -0.48254609182570324 26.231595993041992 -10.0
65 66 Cyclist -10.0 535.0 130.0 563.0 218.0 0.0 0.0 0.0 -1.4530981367371438 -0.17165010941068787 18.652612686157227 -10.0
65 4 Cyclist -10.0 569.0 139.0 595.0 217.0 0.0 0.0 0.0 -0.5709779218988679 -0.0648153314115808 18.282787322998047 -10.0
65 17 Cyclist -10.0 621.0 140.0 659.0 246.0 0.0 0.0 0.0 0.7335189813394154 0.25513650424754525 14.4391508102417 -10.0
65 86 Cyclist -10.0 1034.0 100.0 1224.0 362.0 0.0 0.0 0.0 2.3331313449142908 0.22443048170001076 3.1426565647125244 -10.0
65 81 Pedestrian -10.0 430.0 143.0 467.0 192.0 0.0 0.0 0.0 -3.5311629074040485 -0.2952051046683048 16.047588348388672 -10.0
66 66 Cyclist -10.0 537.0 130.0 565.0 218.0 0.0 0.0 0.0 -1.3923057243256765 -0.1706657402762063 18.545644760131836 -10.0
66 4 Cyclist -10.0 571.0 139.0 597.0 217.0 0.0 0.0 0.0 -0.5108537806126726 -0.06376577760931522 17.98673439025879 -10.0
66 17 Cyclist -10.0 625.0 140.0 664.0 248.0 0.0 0.0 0.0 0.8190083938691721 0.2734188680912828 14.32705020904541 -10.0
66 86 Cyclist -10.0 1052.0 93.0 1224.0 362.0 0.0 0.0 0.0 11.244962938353334 0.9897370897871213 14.891302108764648 -10.0
66 81 Pedestrian -10.0 427.0 143.0 464.0 192.0 0.0 0.0 0.0 -4.246272127623612 -0.34827264140150826 18.932382583618164 -10.0
67 66 Cyclist -10.0 539.0 131.0 566.0 218.0 0.0 0.0 0.0 -1.349875411844968 -0.15719157775453835 18.503345489501953 -10.0
67 4 Cyclist -10.0 573.0 139.0 600.0 218.0 0.0 0.0 0.0 -0.4406559779591564 -0.05029293943444936 17.7213134765625 -10.0
67 17 Cyclist -10.0 629.0 141.0 668.0 250.0 0.0 0.0 0.0 0.9017222030762958 0.30437433146484094 14.353492736816406 -10.0
67 81 Pedestrian -10.0 423.0 143.0 460.0 192.0 0.0 0.0 0.0 -5.19789537680909 -0.4158344435956693 22.6050968170166 -10.0
68 66 Cyclist -10.0 539.0 132.0 567.0 220.0 0.0 0.0 0.0 -1.3128140539660922 -0.11582156745123587 18.171472549438477 -10.0
68 4 Cyclist -10.0 575.0 138.0 603.0 219.0 0.0 0.0 0.0 -0.3980638073301625 -0.05296291032587753 18.662109375 -10.0
68 17 Cyclist -10.0 635.0 141.0 674.0 251.0 0.0 0.0 0.0 1.0028960608161641 0.3081852694967574 14.064193725585938 -10.0
68 81 Pedestrian -10.0 421.0 144.0 456.0 190.0 0.0 0.0 0.0 -4.323976796190073 -0.35271005677824163 18.463817596435547 -10.0
69 66 Cyclist -10.0 540.0 131.0 568.0 221.0 0.0 0.0 0.0 -1.5818077276218312 -0.14233976496864134 22.33196449279785 -10.0
69 4 Cyclist -10.0 577.0 137.0 605.0 219.0 0.0 0.0 0.0 -0.3515841041623994 -0.06736899074208073 19.003110885620117 -10.0
69 17 Cyclist -10.0 638.0 140.0 679.0 253.0 0.0 0.0 0.0 1.1050453495314303 0.3247682280175533 14.357619285583496 -10.0
69 81 Pedestrian -10.0 418.0 144.0 454.0 190.0 0.0 0.0 0.0 -5.994575053993185 -0.48170902565223883 25.216711044311523 -10.0
70 66 Cyclist -10.0 541.0 131.0 569.0 221.0 0.0 0.0 0.0 -1.9195064530956043 -0.1762469648689852 27.651731491088867 -10.0
70 4 Cyclist -10.0 580.0 138.0 608.0 221.0 0.0 0.0 0.0 -0.25334429685877763 -0.025295729682191282 17.76805877685547 -10.0
70 17 Cyclist -10.0 643.0 140.0 685.0 255.0 0.0 0.0 0.0 1.2517194337289395 0.3549977640520546 14.77049446105957 -10.0
70 81 Pedestrian -10.0 416.0 143.0 452.0 190.0 0.0 0.0 0.0 -6.342877077843931 -0.5223507219397805 26.368120193481445 -10.0
71 66 Cyclist -10.0 541.0 130.0 570.0 222.0 0.0 0.0 0.0 -1.4975874035986105 -0.13892204409624795 21.795751571655273 -10.0
71 4 Cyclist -10.0 582.0 139.0 611.0 222.0 0.0 0.0 0.0 -0.20044495702562423 -0.0001744976806874149 18.693706512451172 -10.0
71 17 Cyclist -10.0 649.0 141.0 692.0 257.0 0.0 0.0 0.0 1.2535096865092417 0.3490235572037058 13.344050407409668 -10.0
71 81 Pedestrian -10.0 412.0 143.0 449.0 190.0 0.0 0.0 0.0 -6.474040053058963 -0.522402108792621 26.37071418762207 -10.0
71 3 Cyclist -10.0 645.0 143.0 673.0 220.0 0.0 0.0 0.0 1.416479053432514 0.025622107841056976 18.236454010009766 -10.0
72 66 Cyclist -10.0 542.0 130.0 571.0 223.0 0.0 0.0 0.0 -1.7388893718898386 -0.14642347970874703 25.839519500732422 -10.0
72 4 Cyclist -10.0 585.0 140.0 614.0 222.0 0.0 0.0 0.0 -0.11994330635873438 0.012917454786179259 18.51089859008789 -10.0
72 17 Cyclist -10.0 654.0 142.0 697.0 259.0 0.0 0.0 0.0 1.3311260063753911 0.37264430688736244 13.178243637084961 -10.0
72 81 Pedestrian -10.0 410.0 144.0 447.0 189.0 0.0 0.0 0.0 -6.530036782309552 -0.5209185779080059 26.295825958251953 -10.0
72 3 Cyclist -10.0 644.0 144.0 671.0 218.0 0.0 0.0 0.0 1.4612353812430687 0.013496676009954524 19.340930938720703 -10.0
73 66 Cyclist -10.0 543.0 131.0 572.0 224.0 0.0 0.0 0.0 -1.4023860579749632 -0.09051711459740389 21.286523818969727 -10.0
73 4 Cyclist -10.0 588.0 139.0 617.0 222.0 0.0 0.0 0.0 -0.039314743280931395 -0.0001640807548077962 17.577754974365234 -10.0
73 17 Cyclist -10.0 660.0 142.0 704.0 261.0 0.0 0.0 0.0 1.4228466719502144 0.3833537733342193 12.911201477050781 -10.0
73 81 Pedestrian -10.0 408.0 143.0 445.0 188.0 0.0 0.0 0.0 -7.046725357279786 -0.595486851362556 28.05689239501953 -10.0
73 3 Cyclist -10.0 647.0 145.0 673.0 219.0 0.0 0.0 0.0 1.3238447301868363 0.035355493879694284 16.739036560058594 -10.0
74 66 Cyclist -10.0 543.0 130.0 573.0 225.0 0.0 0.0 0.0 -1.1500470861458831 -0.07503529773848455 17.64573097229004 -10.0
74 4 Cyclist -10.0 590.0 139.0 619.0 223.0 0.0 0.0 0.0 0.010454949257191294 0.012323153281172092 17.659255981445312 -10.0
74 17 Cyclist -10.0 667.0 141.0 712.0 262.0 0.0 0.0 0.0 1.5907773493589674 0.39096666541049185 13.167600631713867 -10.0
74 81 Pedestrian -10.0 407.0 143.0 444.0 188.0 0.0 0.0 0.0 -7.094254154113402 -0.5961462637716916 28.087961196899414 -10.0
74 3 Cyclist -10.0 649.0 146.0 676.0 220.0 0.0 0.0 0.0 1.470438056989823 0.06276066614568741 17.796937942504883 -10.0
75 66 Cyclist -10.0 543.0 129.0 574.0 226.0 0.0 0.0 0.0 -1.1706099250936324 -0.07721473673003683 18.158260345458984 -10.0
75 4 Cyclist -10.0 594.0 140.0 623.0 224.0 0.0 0.0 0.0 0.11044821009955827 0.0373293253434765 17.673545837402344 -10.0
75 17 Cyclist -10.0 674.0 142.0 719.0 264.0 0.0 0.0 0.0 1.6921314492928012 0.41184122613329716 12.945666313171387 -10.0
75 81 Pedestrian -10.0 407.0 144.0 444.0 187.0 0.0 0.0 0.0 -7.108425145234413 -0.5973370842902705 28.144067764282227 -10.0
75 3 Cyclist -10.0 652.0 148.0 678.0 222.0 0.0 0.0 0.0 1.4985297554086194 0.11053263868429537 17.39262580871582 -10.0
76 66 Cyclist -10.0 545.0 126.0 577.0 228.0 0.0 0.0 0.0 -1.01899609095634 -0.08294093721530586 16.72370147705078 -10.0
76 4 Cyclist -10.0 596.0 141.0 626.0 225.0 0.0 0.0 0.0 0.16711075333046665 0.06022518318072882 17.07795524597168 -10.0
76 17 Cyclist -10.0 680.0 143.0 727.0 267.0 0.0 0.0 0.0 1.7621606140537711 0.4341371210645158 12.532206535339355 -10.0
76 81 Pedestrian -10.0 406.0 145.0 441.0 187.0 0.0 0.0 0.0 -7.582956181619055 -0.6091597038469898 29.690343856811523 -10.0
76 3 Cyclist -10.0 654.0 147.0 682.0 223.0 0.0 0.0 0.0 1.5539061118919049 0.1092377136416492 17.188865661621094 -10.0
77 66 Cyclist -10.0 546.0 126.0 579.0 229.0 0.0 0.0 0.0 -1.0094872037557505 -0.07299235299465691 17.165300369262695 -10.0
77 4 Cyclist -10.0 600.0 141.0 631.0 226.0 0.0 0.0 0.0 0.2825897052298311 0.07408123794817044 17.498191833496094 -10.0
77 17 Cyclist -10.0 685.0 142.0 733.0 268.0 0.0 0.0 0.0 1.8464805105193345 0.43106356486222935 12.443482398986816 -10.0
77 81 Pedestrian -10.0 405.0 144.0 440.0 186.0 0.0 0.0 0.0 -7.863232807057243 -0.6715005272892139 30.618186950683594 -10.0
77 3 Cyclist -10.0 658.0 146.0 686.0 224.0 0.0 0.0 0.0 1.7667252965174354 0.11688408546953974 18.392044067382812 -10.0
78 66 Cyclist -10.0 547.0 126.0 580.0 229.0 0.0 0.0 0.0 -0.9532146744544618 -0.07062189180794087 16.60784912109375 -10.0
78 4 Cyclist -10.0 603.0 141.0 634.0 227.0 0.0 0.0 0.0 0.35256009198514393 0.08541976511872999 17.288597106933594 -10.0
78 17 Cyclist -10.0 693.0 141.0 741.0 270.0 0.0 0.0 0.0 1.9331653435082368 0.42788676707326206 12.104677200317383 -10.0
78 3 Cyclist -10.0 661.0 146.0 689.0 223.0 0.0 0.0 0.0 1.8317313079966717 0.1031441089552524 18.26212501525879 -10.0
79 66 Cyclist -10.0 549.0 126.0 582.0 231.0 0.0 0.0 0.0 -0.9278263644241728 -0.04825580157416572 17.003503799438477 -10.0
79 4 Cyclist -10.0 605.0 141.0 637.0 228.0 0.0 0.0 0.0 0.41289233577059314 0.09745748783388135 17.25528335571289 -10.0
79 17 Cyclist -10.0 698.0 141.0 748.0 273.0 0.0 0.0 0.0 2.0445392634547264 0.4554947377652568 12.15613079071045 -10.0
79 3 Cyclist -10.0 663.0 146.0 691.0 224.0 0.0 0.0 0.0 1.8292956868798655 0.11272511045777099 17.73761749267578 -10.0
80 66 Cyclist -10.0 551.0 128.0 584.0 232.0 0.0 0.0 0.0 -0.8805824932224492 -0.0121948064061643 17.019994735717773 -10.0
80 4 Cyclist -10.0 607.0 141.0 639.0 229.0 0.0 0.0 0.0 0.4467122857466913 0.10609965773229489 16.695083618164062 -10.0
80 17 Cyclist -10.0 705.0 143.0 755.0 277.0 0.0 0.0 0.0 2.0849859608859567 0.4883577560328177 11.707467079162598 -10.0
80 3 Cyclist -10.0 665.0 147.0 693.0 224.0 0.0 0.0 0.0 1.7277400327486676 0.11515560994902754 16.305662155151367 -10.0
81 66 Cyclist -10.0 552.0 128.0 585.0 233.0 0.0 0.0 0.0 -0.8031553451209431 -0.00014897742297312607 15.959754943847656 -10.0
81 4 Cyclist -10.0 609.0 141.0 642.0 230.0 0.0 0.0 0.0 0.4842106336945449 0.1128858738801952 15.984274864196777 -10.0
81 17 Cyclist -10.0 711.0 143.0 762.0 278.0 0.0 0.0 0.0 2.082281373369203 0.47164596321069613 11.1183443069458 -10.0
81 3 Cyclist -10.0 667.0 147.0 696.0 225.0 0.0 0.0 0.0 1.7955684894753248 0.12740834812414356 16.398584365844727 -10.0
82 66 Cyclist -10.0 552.0 127.0 586.0 234.0 0.0 0.0 0.0 -0.8350238526097684 -0.00015709627971521504 16.829517364501953 -10.0
82 4 Cyclist -10.0 611.0 141.0 645.0 232.0 0.0 0.0 0.0 0.5434219221152324 0.13616787554478338 16.06390380859375 -10.0
82 17 Cyclist -10.0 717.0 144.0 769.0 282.0 0.0 0.0 0.0 2.233734934660936 0.5224760595479059 11.368965148925781 -10.0
82 3 Cyclist -10.0 670.0 146.0 700.0 226.0 0.0 0.0 0.0 1.8538637052172668 0.12585505530546257 16.19866180419922 -10.0
83 66 Cyclist -10.0 553.0 128.0 587.0 236.0 0.0 0.0 0.0 -1.187113759041437 0.05201768964163813 24.627742767333984 -10.0
83 4 Cyclist -10.0 613.0 141.0 648.0 233.0 0.0 0.0 0.0 0.5936625019321601 0.14591568402740143 15.888376235961914 -10.0
83 17 Cyclist -10.0 724.0 143.0 778.0 284.0 0.0 0.0 0.0 2.271266125973803 0.510056533350469 10.930522918701172 -10.0
83 3 Cyclist -10.0 673.0 146.0 704.0 228.0 0.0 0.0 0.0 1.9880980504216221 0.15292264833351654 16.65134620666504 -10.0
84 66 Cyclist -10.0 554.0 128.0 589.0 236.0 0.0 0.0 0.0 -1.383050606322045 0.06339346300286018 30.013595581054688 -10.0
84 4 Cyclist -10.0 616.0 140.0 651.0 233.0 0.0 0.0 0.0 0.6521335601565463 0.13285803129456428 15.673437118530273 -10.0
84 17 Cyclist -10.0 733.0 144.0 788.0 288.0 0.0 0.0 0.0 2.3917989591720175 0.5427300664849075 10.811500549316406 -10.0
84 3 Cyclist -10.0 675.0 147.0 706.0 229.0 0.0 0.0 0.0 2.0315014134710956 0.17615250295311882 16.62109375 -10.0
85 66 Cyclist -10.0 557.0 128.0 593.0 237.0 0.0 0.0 0.0 -0.7943732514552493 0.054450736190517456 19.313411712646484 -10.0
85 4 Cyclist -10.0 618.0 141.0 654.0 235.0 0.0 0.0 0.0 0.7200708059141029 0.16904809662819717 15.950748443603516 -10.0
85 17 Cyclist -10.0 742.0 144.0 797.0 289.0 0.0 0.0 0.0 2.5695387265374823 0.5591054161971768 10.982988357543945 -10.0
85 3 Cyclist -10.0 678.0 148.0 709.0 230.0 0.0 0.0 0.0 2.019291321112478 0.19180180529259866 15.966907501220703 -10.0
86 66 Cyclist -10.0 559.0 127.0 596.0 239.0 0.0 0.0 0.0 -0.6165743842178847 0.057836177538010874 16.400508880615234 -10.0
86 4 Cyclist -10.0 621.0 141.0 658.0 237.0 0.0 0.0 0.0 0.760258810858689 0.18231048613291329 15.17678451538086 -10.0
86 17 Cyclist -10.0 748.0 146.0 805.0 293.0 0.0 0.0 0.0 2.6461550122976485 0.5984422843969688 10.851277351379395 -10.0
86 3 Cyclist -10.0 680.0 146.0 713.0 230.0 0.0 0.0 0.0 2.1253676055399744 0.17232710315189073 16.260143280029297 -10.0
86 81 Pedestrian -10.0 392.0 142.0 433.0 190.0 0.0 0.0 0.0 -6.980450186513927 -0.5285617428188893 25.762012481689453 -10.0
87 66 Cyclist -10.0 563.0 126.0 600.0 240.0 0.0 0.0 0.0 -0.48685319849960235 0.053757506848065885 15.243927001953125 -10.0
87 4 Cyclist -10.0 623.0 141.0 661.0 238.0 0.0 0.0 0.0 0.8235774254079171 0.19533319314699304 15.356839179992676 -10.0
87 17 Cyclist -10.0 755.0 147.0 813.0 297.0 0.0 0.0 0.0 2.7560262427941113 0.6356035412834097 10.830711364746094 -10.0
87 3 Cyclist -10.0 683.0 146.0 716.0 231.0 0.0 0.0 0.0 2.1350135063641114 0.17885419574140626 15.820393562316895 -10.0
87 81 Pedestrian -10.0 392.0 141.0 433.0 189.0 0.0 0.0 0.0 -7.146764858877736 -0.5784592030367944 26.375812530517578 -10.0
88 66 Cyclist -10.0 565.0 127.0 602.0 240.0 0.0 0.0 0.0 -0.4312120402194528 0.06271634199777049 14.813772201538086 -10.0
88 4 Cyclist -10.0 625.0 140.0 663.0 239.0 0.0 0.0 0.0 0.8241162522471098 0.18566801197835528 14.596975326538086 -10.0
88 17 Cyclist -10.0 764.0 145.0 824.0 299.0 0.0 0.0 0.0 2.8407923477103165 0.6206560768691606 10.576005935668945 -10.0
88 3 Cyclist -10.0 686.0 147.0 720.0 233.0 0.0 0.0 0.0 2.170024224911035 0.2082612165636241 15.510875701904297 -10.0
89 66 Cyclist -10.0 569.0 129.0 606.0 241.0 0.0 0.0 0.0 -0.346242420476336 0.09382836745801768 14.764161109924316 -10.0
89 4 Cyclist -10.0 626.0 141.0 664.0 240.0 0.0 0.0 0.0 0.831955559451317 0.20318546303687843 14.375701904296875 -10.0
89 17 Cyclist -10.0 772.0 145.0 833.0 304.0 0.0 0.0 0.0 2.8855860648196088 0.639792549609941 10.282562255859375 -10.0
89 3 Cyclist -10.0 689.0 147.0 724.0 235.0 0.0 0.0 0.0 2.1682442271518094 0.2221496288095603 14.968526840209961 -10.0
90 66 Cyclist -10.0 571.0 128.0 609.0 244.0 0.0 0.0 0.0 -0.28723401699370693 0.11205500510980719 14.422472953796387 -10.0
90 4 Cyclist -10.0 627.0 142.0 666.0 242.0 0.0 0.0 0.0 0.858742398193258 0.23267787902935122 14.313843727111816 -10.0
90 17 Cyclist -10.0 781.0 145.0 843.0 306.0 0.0 0.0 0.0 2.9821197084222373 0.6453280509243774 10.14101505279541 -10.0
90 3 Cyclist -10.0 693.0 147.0 728.0 236.0 0.0 0.0 0.0 2.2957183979718394 0.23715544685105472 15.25284194946289 -10.0
91 66 Cyclist -10.0 574.0 128.0 613.0 244.0 0.0 0.0 0.0 -0.227371193772415 0.11804117752560041 15.192946434020996 -10.0
91 4 Cyclist -10.0 627.0 142.0 667.0 244.0 0.0 0.0 0.0 0.8529026176464642 0.24827588885248725 14.050882339477539 -10.0
91 17 Cyclist -10.0 788.0 145.0 854.0 315.0 0.0 0.0 0.0 3.048640917486725 0.6955955108761425 9.937088966369629 -10.0
91 3 Cyclist -10.0 696.0 146.0 732.0 238.0 0.0 0.0 0.0 2.4469422150899316 0.25585920540213136 15.739909172058105 -10.0
92 66 Cyclist -10.0 575.0 127.0 615.0 247.0 0.0 0.0 0.0 -0.19109086718802182 0.13663415739849583 14.877735137939453 -10.0
92 4 Cyclist -10.0 628.0 140.0 669.0 246.0 0.0 0.0 0.0 0.8791967142559803 0.24728731274478902 13.994935035705566 -10.0
92 17 Cyclist -10.0 798.0 145.0 866.0 321.0 0.0 0.0 0.0 3.1924577547503334 0.7352754970555768 9.903645515441895 -10.0
92 3 Cyclist -10.0 699.0 146.0 736.0 239.0 0.0 0.0 0.0 2.5565886961078426 0.27034534783448094 15.937723159790039 -10.0
93 66 Cyclist -10.0 577.0 127.0 618.0 248.0 0.0 0.0 0.0 -0.15297531256871585 0.1625516684775355 16.434358596801758 -10.0
93 4 Cyclist -10.0 629.0 140.0 672.0 248.0 0.0 0.0 0.0 0.9034388593926511 0.26262019762183364 13.76120376586914 -10.0
93 17 Cyclist -10.0 810.0 143.0 880.0 322.0 0.0 0.0 0.0 3.273711359788975 0.7065099341190434 9.607707023620605 -10.0
93 3 Cyclist -10.0 705.0 148.0 741.0 239.0 0.0 0.0 0.0 2.580300094047875 0.281931264259769 15.341581344604492 -10.0
94 66 Cyclist -10.0 579.0 127.0 620.0 250.0 0.0 0.0 0.0 -0.11834657804456228 0.20648525274837537 18.264474868774414 -10.0
94 4 Cyclist -10.0 632.0 141.0 674.0 249.0 0.0 0.0 0.0 0.9670562773558145 0.2865154246079973 13.977433204650879 -10.0
94 17 Cyclist -10.0 824.0 143.0 895.0 325.0 0.0 0.0 0.0 3.381545262085844 0.7082113570541181 9.360787391662598 -10.0
94 3 Cyclist -10.0 708.0 147.0 745.0 241.0 0.0 0.0 0.0 2.554101587249723 0.2815218794970333 14.7516450881958 -10.0
95 66 Cyclist -10.0 582.0 129.0 623.0 252.0 0.0 0.0 0.0 -0.04116295905375879 0.26012262236487815 18.404098510742188 -10.0
95 4 Cyclist -10.0 634.0 140.0 677.0 252.0 0.0 0.0 0.0 1.00949751787785 0.30418076033747943 13.88144588470459 -10.0
95 17 Cyclist -10.0 838.0 145.0 912.0 330.0 0.0 0.0 0.0 3.600807625367639 0.7575052776576734 9.397466659545898 -10.0
95 3 Cyclist -10.0 712.0 146.0 751.0 242.0 0.0 0.0 0.0 2.6353223780543833 0.27907588826151863 14.623476028442383 -10.0
96 66 Cyclist -10.0 583.0 129.0 626.0 255.0 0.0 0.0 0.0 0.011850308324010865 0.3253710790520639 20.016130447387695 -10.0
96 4 Cyclist -10.0 636.0 141.0 680.0 254.0 0.0 0.0 0.0 1.0391434747930959 0.32750443677226504 13.626571655273438 -10.0
96 17 Cyclist -10.0 849.0 146.0 926.0 337.0 0.0 0.0 0.0 3.644747232624121 0.7843716885847868 9.09261417388916 -10.0
96 3 Cyclist -10.0 716.0 146.0 755.0 244.0 0.0 0.0 0.0 2.6827378155803485 0.29586369247832706 14.433481216430664 -10.0
97 66 Cyclist -10.0 586.0 127.0 630.0 256.0 0.0 0.0 0.0 0.08138658609885115 0.228325242591518 14.684920310974121 -10.0
97 4 Cyclist -10.0 638.0 141.0 683.0 255.0 0.0 0.0 0.0 1.0791838720966724 0.33461651207466997 13.524550437927246 -10.0
97 17 Cyclist -10.0 862.0 146.0 941.0 340.0 0.0 0.0 0.0 3.868339672460487 0.812812979709212 9.196152687072754 -10.0
97 3 Cyclist -10.0 721.0 147.0 760.0 244.0 0.0 0.0 0.0 2.7653479614504 0.3039319280890624 14.332630157470703 -10.0
98 66 Cyclist -10.0 590.0 127.0 634.0 257.0 0.0 0.0 0.0 0.15330781519570796 0.2225176222022033 13.688806533813477 -10.0
98 4 Cyclist -10.0 640.0 141.0 685.0 255.0 0.0 0.0 0.0 1.0661471393364959 0.3192568525652637 12.903742790222168 -10.0
98 17 Cyclist -10.0 877.0 143.0 958.0 344.0 0.0 0.0 0.0 3.8940126350142443 0.7826500900792309 8.784605979919434 -10.0
98 3 Cyclist -10.0 725.0 148.0 765.0 245.0 0.0 0.0 0.0 2.8376838086932525 0.32205977227956256 14.237881660461426 -10.0
99 66 Cyclist -10.0 594.0 127.0 639.0 258.0 0.0 0.0 0.0 0.2386686496729929 0.23049688233682417 13.588528633117676 -10.0
99 4 Cyclist -10.0 643.0 141.0 688.0 256.0 0.0 0.0 0.0 1.1179988116071593 0.32753269883670916 12.870372772216797 -10.0
99 17 Cyclist -10.0 893.0 143.0 975.0 349.0 0.0 0.0 0.0 3.799627850986205 0.754278621138002 8.142991065979004 -10.0
99 3 Cyclist -10.0 730.0 148.0 770.0 247.0 0.0 0.0 0.0 3.100513366472256 0.361079833837563 15.023552894592285 -10.0
100 66 Cyclist -10.0 598.0 129.0 643.0 260.0 0.0 0.0 0.0 0.30239614130546455 0.25772904898979826 13.022363662719727 -10.0
100 4 Cyclist -10.0 646.0 143.0 691.0 259.0 0.0 0.0 0.0 1.133665899435215 0.36065156249104546 12.442954063415527 -10.0
100 17 Cyclist -10.0 909.0 143.0 995.0 354.0 0.0 0.0 0.0 3.9254337165547506 0.7671437654186751 7.97736930847168 -10.0
100 3 Cyclist -10.0 733.0 148.0 774.0 248.0 0.0 0.0 0.0 3.100355590894934 0.36297864184085227 14.670892715454102 -10.0
100 111 Pedestrian -10.0 356.0 143.0 402.0 193.0 0.0 0.0 0.0 -7.036057493467215 -0.39095703442308827 22.102401733398438 -10.0
101 66 Cyclist -10.0 601.0 129.0 646.0 261.0 0.0 0.0 0.0 0.345608368819642 0.2579506417893466 12.583922386169434 -10.0
101 4 Cyclist -10.0 648.0 143.0 694.0 262.0 0.0 0.0 0.0 1.165439260043678 0.38303209902545293 12.313811302185059 -10.0
101 17 Cyclist -10.0 922.0 142.0 1012.0 359.0 0.0 0.0 0.0 4.068192128664587 0.7846018334096737 7.925778388977051 -10.0
101 3 Cyclist -10.0 738.0 148.0 779.0 249.0 0.0 0.0 0.0 3.2184849246455594 0.3750292169668519 14.73674488067627 -10.0
101 111 Pedestrian -10.0 354.0 142.0 401.0 193.0 0.0 0.0 0.0 -6.795905427781445 -0.3901097951419752 21.206684112548828 -10.0
102 66 Cyclist -10.0 605.0 129.0 651.0 265.0 0.0 0.0 0.0 0.43121453028019174 0.2973499173749023 12.746980667114258 -10.0
102 4 Cyclist -10.0 651.0 142.0 699.0 264.0 0.0 0.0 0.0 1.2490717159261204 0.39617067645177195 12.453083992004395 -10.0
102 17 Cyclist -10.0 940.0 140.0 1033.0 363.0 0.0 0.0 0.0 3.9727225126581653 0.7375087886157901 7.345120429992676 -10.0
102 3 Cyclist -10.0 743.0 147.0 785.0 251.0 0.0 0.0 0.0 3.1355498030365436 0.3626030788630972 13.863229751586914 -10.0
102 111 Pedestrian -10.0 354.0 145.0 398.0 193.0 0.0 0.0 0.0 -4.445973100054705 -0.22429726436741174 13.78245735168457 -10.0
103 66 Cyclist -10.0 606.0 129.0 653.0 268.0 0.0 0.0 0.0 0.4460775402481846 0.31577079826196996 12.40818977355957 -10.0
103 4 Cyclist -10.0 656.0 143.0 704.0 267.0 0.0 0.0 0.0 1.2864102607562053 0.4150308498945724 11.980667114257812 -10.0
103 17 Cyclist -10.0 963.0 138.0 1057.0 366.0 0.0 0.0 0.0 3.906981761878576 0.6881266586322724 6.805376052856445 -10.0
103 3 Cyclist -10.0 749.0 148.0 792.0 252.0 0.0 0.0 0.0 3.2234816530356585 0.3775816961282298 13.69534683227539 -10.0
103 111 Pedestrian -10.0 353.0 146.0 396.0 193.0 0.0 0.0 0.0 -4.480337999802371 -0.21479653067985752 13.798242568969727 -10.0
104 66 Cyclist -10.0 608.0 129.0 657.0 271.0 0.0 0.0 0.0 0.49037166482236155 0.3363645996301101 12.200352668762207 -10.0
104 4 Cyclist -10.0 661.0 143.0 710.0 270.0 0.0 0.0 0.0 1.3792689646705214 0.4403402896422536 11.977744102478027 -10.0
104 17 Cyclist -10.0 986.0 137.0 1080.0 366.0 0.0 0.0 0.0 3.8501753395843723 0.6372701905518886 6.346807479858398 -10.0
104 3 Cyclist -10.0 753.0 148.0 796.0 253.0 0.0 0.0 0.0 3.175725679958566 0.3725740841063341 13.175760269165039 -10.0
104 111 Pedestrian -10.0 347.0 143.0 392.0 191.0 0.0 0.0 0.0 -6.089957697064576 -0.35064426519396796 18.355676651000977 -10.0
105 66 Cyclist -10.0 610.0 129.0 659.0 274.0 0.0 0.0 0.0 0.5286745775772294 0.36486481550465355 12.288500785827637 -10.0
105 4 Cyclist -10.0 665.0 145.0 714.0 272.0 0.0 0.0 0.0 1.4610022889183796 0.4787999507672548 12.093392372131348 -10.0
105 17 Cyclist -10.0 1008.0 137.0 1104.0 365.0 0.0 0.0 0.0 4.502167760412583 0.7022793768653656 7.043867111206055 -10.0
105 3 Cyclist -10.0 758.0 148.0 802.0 254.0 0.0 0.0 0.0 3.382856676594707 0.3940813252045324 13.596324920654297 -10.0
106 66 Cyclist -10.0 611.0 129.0 662.0 277.0 0.0 0.0 0.0 0.5470743523182553 0.3795833946078937 11.931685447692871 -10.0
106 4 Cyclist -10.0 669.0 146.0 719.0 274.0 0.0 0.0 0.0 1.4647222840814385 0.48043052508966505 11.517426490783691 -10.0
106 17 Cyclist -10.0 1027.0 135.0 1127.0 367.0 0.0 0.0 0.0 4.467528778679115 0.6659312896700159 6.679295539855957 -10.0
106 3 Cyclist -10.0 764.0 149.0 808.0 255.0 0.0 0.0 0.0 3.8759274345234194 0.45793480557340377 15.064274787902832 -10.0
107 66 Cyclist -10.0 612.0 129.0 664.0 280.0 0.0 0.0 0.0 0.5596931661512832 0.3959167540150306 11.667069435119629 -10.0
107 4 Cyclist -10.0 673.0 146.0 723.0 276.0 0.0 0.0 0.0 1.4849755901180408 0.4821404350118666 11.17937183380127 -10.0
107 17 Cyclist -10.0 1049.0 135.0 1151.0 367.0 0.0 0.0 0.0 4.415086684566491 0.6275918501339122 6.294750690460205 -10.0
107 3 Cyclist -10.0 770.0 148.0 815.0 258.0 0.0 0.0 0.0 3.489673840069993 0.41659703210951793 13.095158576965332 -10.0
108 66 Cyclist -10.0 613.0 128.0 666.0 283.0 0.0 0.0 0.0 0.5739258897343678 0.4049950967143528 11.457084655761719 -10.0
108 4 Cyclist -10.0 676.0 145.0 728.0 280.0 0.0 0.0 0.0 1.5169765840502565 0.49564882100186813 10.953763961791992 -10.0
108 17 Cyclist -10.0 1075.0 135.0 1175.0 365.0 0.0 0.0 0.0 4.083364037868361 0.5447431718299199 5.54240083694458 -10.0
108 3 Cyclist -10.0 775.0 149.0 821.0 261.0 0.0 0.0 0.0 3.509907520406076 0.443328122523132 12.79752254486084 -10.0
109 66 Cyclist -10.0 616.0 128.0 670.0 285.0 0.0 0.0 0.0 0.6022849418261313 0.4022609602314418 10.941944122314453 -10.0
109 4 Cyclist -10.0 680.0 146.0 733.0 283.0 0.0 0.0 0.0 1.5712231417618974 0.5214991881081065 10.846977233886719 -10.0
109 17 Cyclist -10.0 1096.0 137.0 1199.0 365.0 0.0 0.0 0.0 3.8768656348489947 0.5029151375084772 5.0442423820495605 -10.0
109 3 Cyclist -10.0 780.0 149.0 827.0 263.0 0.0 0.0 0.0 3.49912130565687 0.4473228630309962 12.40632152557373 -10.0
110 66 Cyclist -10.0 620.0 130.0 674.0 288.0 0.0 0.0 0.0 0.6660858314836409 0.44221037104649263 10.973226547241211 -10.0
110 4 Cyclist -10.0 683.0 146.0 737.0 286.0 0.0 0.0 0.0 1.59150742952493 0.533315298720907 10.623952865600586 -10.0
110 17 Cyclist -10.0 1109.0 140.0 1214.0 364.0 0.0 0.0 0.0 4.1227003864807035 0.5287693446376199 5.229377746582031 -10.0
110 3 Cyclist -10.0 785.0 148.0 833.0 264.0 0.0 0.0 0.0 3.7420802577328525 0.46554265372927045 12.911640167236328 -10.0
111 66 Cyclist -10.0 624.0 132.0 678.0 290.0 0.0 0.0 0.0 0.7277359439888311 0.4729711294546097 10.966763496398926 -10.0
111 4 Cyclist -10.0 687.0 145.0 742.0 287.0 0.0 0.0 0.0 1.6794399733610024 0.5398459566639267 10.754047393798828 -10.0
111 17 Cyclist -10.0 1122.0 143.0 1224.0 364.0 0.0 0.0 0.0 10.605595433936461 1.3607192131659929 13.180583000183105 -10.0
111 3 Cyclist -10.0 791.0 148.0 839.0 264.0 0.0 0.0 0.0 3.6646202493344684 0.44293689539179326 12.28467845916748 -10.0
112 66 Cyclist -10.0 628.0 131.0 683.0 293.0 0.0 0.0 0.0 0.7969993712791484 0.4881544810524356 10.959416389465332 -10.0
112 4 Cyclist -10.0 692.0 145.0 748.0 290.0 0.0 0.0 0.0 1.7021985822666506 0.5432269975070712 10.38261604309082 -10.0
112 3 Cyclist -10.0 796.0 148.0 846.0 267.0 0.0 0.0 0.0 3.65028840359942 0.4542427205123062 11.898167610168457 -10.0
113 66 Cyclist -10.0 630.0 130.0 687.0 297.0 0.0 0.0 0.0 0.8084910900037554 0.4901792756324119 10.504552841186523 -10.0
113 4 Cyclist -10.0 696.0 143.0 755.0 294.0 0.0 0.0 0.0 1.8133664455136962 0.5674250626426272 10.559662818908691 -10.0
113 3 Cyclist -10.0 802.0 148.0 854.0 269.0 0.0 0.0 0.0 3.7939611922819805 0.474305721990163 11.979878425598145 -10.0
114 66 Cyclist -10.0 631.0 129.0 690.0 300.0 0.0 0.0 0.0 0.7984888388388617 0.48110641692961176 10.006823539733887 -10.0
114 4 Cyclist -10.0 701.0 146.0 760.0 297.0 0.0 0.0 0.0 1.8354604093037792 0.5951795285088873 10.265585899353027 -10.0
114 3 Cyclist -10.0 808.0 148.0 860.0 271.0 0.0 0.0 0.0 3.812253859510222 0.4807362303455391 11.723503112792969 -10.0
115 66 Cyclist -10.0 632.0 129.0 693.0 305.0 0.0 0.0 0.0 0.8355308492546228 0.5219461180889083 10.112558364868164 -10.0
115 4 Cyclist -10.0 705.0 147.0 765.0 299.0 0.0 0.0 0.0 1.844173091980889 0.5985794598077031 9.959786415100098 -10.0
115 3 Cyclist -10.0 814.0 148.0 868.0 273.0 0.0 0.0 0.0 3.8968861031443853 0.4933376427433344 11.629693031311035 -10.0
116 66 Cyclist -10.0 636.0 130.0 697.0 308.0 0.0 0.0 0.0 0.8755804192538226 0.5399683317233187 9.918173789978027 -10.0
116 4 Cyclist -10.0 711.0 147.0 772.0 302.0 0.0 0.0 0.0 1.9223885290051757 0.6154363929769064 9.891117095947266 -10.0
116 3 Cyclist -10.0 822.0 148.0 876.0 274.0 0.0 0.0 0.0 4.103096130404933 0.510852795756998 11.845124244689941 -10.0
117 66 Cyclist -10.0 638.0 132.0 701.0 313.0 0.0 0.0 0.0 0.9483027438240005 0.6087329359310477 10.249329566955566 -10.0
117 4 Cyclist -10.0 715.0 147.0 778.0 305.0 0.0 0.0 0.0 1.9043197160732093 0.6083052253793044 9.454157829284668 -10.0
117 3 Cyclist -10.0 831.0 151.0 886.0 278.0 0.0 0.0 0.0 4.2168040472972566 0.5634159872799971 11.718830108642578 -10.0
118 66 Cyclist -10.0 645.0 130.0 711.0 319.0 0.0 0.0 0.0 0.9825798337223584 0.5847922939135919 9.398613929748535 -10.0
118 4 Cyclist -10.0 718.0 146.0 782.0 310.0 0.0 0.0 0.0 1.9200795137064097 0.6249450335753229 9.303754806518555 -10.0
118 3 Cyclist -10.0 840.0 152.0 896.0 282.0 0.0 0.0 0.0 4.228872415967187 0.5847482239783669 11.329331398010254 -10.0
119 66 Cyclist -10.0 652.0 128.0 719.0 322.0 0.0 0.0 0.0 1.037654321998417 0.5670543194110979 9.011119842529297 -10.0
119 4 Cyclist -10.0 720.0 148.0 786.0 316.0 0.0 0.0 0.0 1.9244423996894247 0.6654379121491039 9.137042999267578 -10.0
119 3 Cyclist -10.0 846.0 150.0 904.0 284.0 0.0 0.0 0.0 4.280277146758724 0.5765638314516791 11.170761108398438 -10.0
120 66 Cyclist -10.0 656.0 129.0 724.0 327.0 0.0 0.0 0.0 1.114088521768618 0.6158369875645755 9.168160438537598 -10.0
120 4 Cyclist -10.0 724.0 150.0 793.0 324.0 0.0 0.0 0.0 1.9782145269936173 0.7237215242157441 9.057815551757812 -10.0
120 3 Cyclist -10.0 854.0 150.0 913.0 285.0 0.0 0.0 0.0 4.28209409529305 0.5669243912352795 10.835540771484375 -10.0
121 66 Cyclist -10.0 665.0 132.0 733.0 329.0 0.0 0.0 0.0 1.209851841360713 0.637226076299932 9.012194633483887 -10.0
121 4 Cyclist -10.0 729.0 149.0 799.0 328.0 0.0 0.0 0.0 2.015889988117262 0.7310488863514294 8.912869453430176 -10.0
121 3 Cyclist -10.0 864.0 149.0 924.0 287.0 0.0 0.0 0.0 4.541210599752019 0.5872870022852706 11.07503890991211 -10.0
122 66 Cyclist -10.0 671.0 132.0 740.0 331.0 0.0 0.0 0.0 1.2828869029125176 0.6450371528987707 8.943766593933105 -10.0
122 4 Cyclist -10.0 736.0 149.0 808.0 334.0 0.0 0.0 0.0 2.0228816989472724 0.7347752578723898 8.517681121826172 -10.0
122 3 Cyclist -10.0 875.0 149.0 937.0 291.0 0.0 0.0 0.0 4.63960925407137 0.6068984955373483 10.865287780761719 -10.0
123 66 Cyclist -10.0 677.0 131.0 747.0 334.0 0.0 0.0 0.0 1.3091096108743825 0.6307074002260605 8.576881408691406 -10.0
123 4 Cyclist -10.0 742.0 148.0 817.0 339.0 0.0 0.0 0.0 2.109742280919463 0.7576154375811474 8.503612518310547 -10.0
123 3 Cyclist -10.0 883.0 150.0 948.0 295.0 0.0 0.0 0.0 4.567451268668725 0.6159002965966494 10.370007514953613 -10.0
124 66 Cyclist -10.0 681.0 128.0 756.0 344.0 0.0 0.0 0.0 1.3200288270033296 0.6402183535581336 8.157113075256348 -10.0
124 4 Cyclist -10.0 748.0 149.0 824.0 341.0 0.0 0.0 0.0 2.1601882300594024 0.7658253944154865 8.395840644836426 -10.0
124 3 Cyclist -10.0 894.0 149.0 959.0 297.0 0.0 0.0 0.0 4.880164193462101 0.6431848818227688 10.701977729797363 -10.0
125 66 Cyclist -10.0 684.0 125.0 762.0 351.0 0.0 0.0 0.0 1.381169593285137 0.6677520244484859 8.21196174621582 -10.0
125 4 Cyclist -10.0 756.0 148.0 834.0 346.0 0.0 0.0 0.0 2.1964122348195017 0.7649695592506285 8.134208679199219 -10.0
125 3 Cyclist -10.0 904.0 150.0 970.0 298.0 0.0 0.0 0.0 4.838714431856946 0.632142939056355 10.27641487121582 -10.0
126 66 Cyclist -10.0 687.0 125.0 768.0 356.0 0.0 0.0 0.0 1.4149200315767896 0.6877882541399676 8.105895042419434 -10.0
126 4 Cyclist -10.0 765.0 148.0 845.0 349.0 0.0 0.0 0.0 2.2235198986005726 0.7524673070263691 7.824751853942871 -10.0
126 3 Cyclist -10.0 918.0 150.0 987.0 303.0 0.0 0.0 0.0 5.08792010517367 0.6716367741713409 10.324966430664062 -10.0
127 66 Cyclist -10.0 693.0 126.0 775.0 359.0 0.0 0.0 0.0 1.3990605526115074 0.6675912491534417 7.614035129547119 -10.0
127 4 Cyclist -10.0 773.0 147.0 853.0 351.0 0.0 0.0 0.0 2.213208873829027 0.725594564958415 7.490227222442627 -10.0
127 3 Cyclist -10.0 930.0 152.0 1001.0 309.0 0.0 0.0 0.0 5.187520438440367 0.7175662356257392 10.148433685302734 -10.0
128 66 Cyclist -10.0 698.0 121.0 783.0 362.0 0.0 0.0 0.0 1.4115551220594307 0.6311129580703787 7.316004276275635 -10.0
128 4 Cyclist -10.0 779.0 147.0 862.0 358.0 0.0 0.0 0.0 2.217954810735019 0.7378206303486419 7.246158123016357 -10.0
128 3 Cyclist -10.0 941.0 152.0 1014.0 312.0 0.0 0.0 0.0 5.288716879334226 0.7292995414644832 10.01391887664795 -10.0
129 66 Cyclist -10.0 709.0 119.0 796.0 365.0 0.0 0.0 0.0 1.4196340235522948 0.5881885617025812 6.762974739074707 -10.0
129 4 Cyclist -10.0 787.0 148.0 871.0 362.0 0.0 0.0 0.0 2.098974972714389 0.6951838675520927 6.598292827606201 -10.0
129 3 Cyclist -10.0 953.0 152.0 1025.0 312.0 0.0 0.0 0.0 5.173677813473481 0.6921210383710101 9.503425598144531 -10.0
130 66 Cyclist -10.0 719.0 119.0 806.0 366.0 0.0 0.0 0.0 1.522920110731156 0.595959032541639 6.79705286026001 -10.0
130 4 Cyclist -10.0 797.0 147.0 883.0 365.0 0.0 0.0 0.0 2.241821972277992 0.7173777857361456 6.718752384185791 -10.0
130 3 Cyclist -10.0 965.0 151.0 1038.0 314.0 0.0 0.0 0.0 5.700842654560287 0.7458286866181276 10.142395973205566 -10.0
131 66 Cyclist -10.0 728.0 121.0 813.0 363.0 0.0 0.0 0.0 1.5612538499419037 0.5768995021951724 6.63317346572876 -10.0
131 4 Cyclist -10.0 806.0 143.0 895.0 367.0 0.0 0.0 0.0 2.121510151694484 0.6413416208607544 6.087252616882324 -10.0
131 3 Cyclist -10.0 980.0 152.0 1055.0 316.0 0.0 0.0 0.0 5.622186822694064 0.7274706280295634 9.615346908569336 -10.0
132 66 Cyclist -10.0 739.0 123.0 823.0 362.0 0.0 0.0 0.0 1.5509424398124474 0.5434600717407272 6.19828987121582 -10.0
132 4 Cyclist -10.0 819.0 142.0 908.0 365.0 0.0 0.0 0.0 2.187612699884609 0.6155352347432194 5.962371349334717 -10.0
132 3 Cyclist -10.0 992.0 152.0 1070.0 320.0 0.0 0.0 0.0 5.557142545857493 0.7223501954571397 9.203566551208496 -10.0
133 66 Cyclist -10.0 749.0 119.0 835.0 363.0 0.0 0.0 0.0 1.644734836736899 0.529461172936899 6.188363552093506 -10.0
133 4 Cyclist -10.0 831.0 145.0 921.0 366.0 0.0 0.0 0.0 2.365006017404498 0.6522534400575122 6.149545669555664 -10.0
133 3 Cyclist -10.0 1003.0 151.0 1085.0 327.0 0.0 0.0 0.0 5.885715021300891 0.7825890585825687 9.459683418273926 -10.0
134 66 Cyclist -10.0 757.0 110.0 847.0 363.0 0.0 0.0 0.0 1.7117944417654969 0.48428591802666465 6.1152567863464355 -10.0
134 4 Cyclist -10.0 846.0 145.0 938.0 366.0 0.0 0.0 0.0 2.5013728655361818 0.6515260071919676 6.1426873207092285 -10.0
134 3 Cyclist -10.0 1014.0 150.0 1099.0 333.0 0.0 0.0 0.0 7.22042143017063 0.9734304744742359 11.284226417541504 -10.0
135 66 Cyclist -10.0 767.0 103.0 860.0 362.0 0.0 0.0 0.0 1.7999528964276963 0.44688328030616103 6.077088832855225 -10.0
135 4 Cyclist -10.0 864.0 142.0 958.0 365.0 0.0 0.0 0.0 2.6142461197350686 0.6217372056182645 6.022446632385254 -10.0
135 3 Cyclist -10.0 1032.0 151.0 1119.0 337.0 0.0 0.0 0.0 6.241390343819348 0.8406267670733815 9.361044883728027 -10.0
136 66 Cyclist -10.0 772.0 103.0 866.0 361.0 0.0 0.0 0.0 1.726395617372364 0.41363558148807095 5.679577350616455 -10.0
136 4 Cyclist -10.0 880.0 141.0 975.0 367.0 0.0 0.0 0.0 2.699019535560486 0.613323174161168 5.90052604675293 -10.0
136 3 Cyclist -10.0 1051.0 153.0 1140.0 342.0 0.0 0.0 0.0 6.14476103407815 0.8376940430427572 8.841034889221191 -10.0
137 66 Cyclist -10.0 781.0 103.0 878.0 363.0 0.0 0.0 0.0 1.821151362024302 0.4240928960932528 5.712234020233154 -10.0
137 4 Cyclist -10.0 896.0 141.0 992.0 367.0 0.0 0.0 0.0 2.6444949410922542 0.5717631353614353 5.500694274902344 -10.0
137 3 Cyclist -10.0 1067.0 152.0 1160.0 345.0 0.0 0.0 0.0 6.448746975159955 0.8607307086565763 8.950560569763184 -10.0
138 66 Cyclist -10.0 793.0 108.0 890.0 364.0 0.0 0.0 0.0 1.8516601540619348 0.4328006213220896 5.514374256134033 -10.0
138 4 Cyclist -10.0 913.0 143.0 1011.0 368.0 0.0 0.0 0.0 2.723561457642975 0.5706580597309077 5.380251884460449 -10.0
138 3 Cyclist -10.0 1083.0 151.0 1177.0 346.0 0.0 0.0 0.0 6.754188113439101 0.8732153874616916 9.0803861618042 -10.0
139 66 Cyclist -10.0 806.0 111.0 905.0 363.0 0.0 0.0 0.0 1.928131721112783 0.4332484413385204 5.422368049621582 -10.0
139 4 Cyclist -10.0 933.0 146.0 1032.0 369.0 0.0 0.0 0.0 2.6857555799248756 0.5464463260193553 5.018150806427002 -10.0
139 3 Cyclist -10.0 1100.0 151.0 1197.0 350.0 0.0 0.0 0.0 6.532329181550724 0.8398315732341852 8.48369026184082 -10.0
140 66 Cyclist -10.0 825.0 103.0 933.0 362.0 0.0 0.0 0.0 1.9143455844189972 0.3620465683621652 4.9234089851379395 -10.0
140 4 Cyclist -10.0 959.0 147.0 1063.0 366.0 0.0 0.0 0.0 2.931166040101341 0.5474049929195601 5.093104362487793 -10.0
140 3 Cyclist -10.0 1120.0 150.0 1216.0 346.0 0.0 0.0 0.0 6.567984492739878 0.7860985691237883 8.235033988952637 -10.0
141 66 Cyclist -10.0 837.0 98.0 956.0 363.0 0.0 0.0 0.0 2.0109298132725435 0.34379898722878643 4.862298488616943 -10.0
141 4 Cyclist -10.0 983.0 146.0 1093.0 364.0 0.0 0.0 0.0 3.036517181039088 0.5212970565770105 4.94785737991333 -10.0
141 3 Cyclist -10.0 1131.0 146.0 1224.0 349.0 0.0 0.0 0.0 10.576394828786473 1.2356568993800061 13.04114055633545 -10.0
142 66 Cyclist -10.0 852.0 99.0 977.0 363.0 0.0 0.0 0.0 2.0803116560614385 0.33838825564631975 4.738385200500488 -10.0
142 4 Cyclist -10.0 1003.0 148.0 1119.0 363.0 0.0 0.0 0.0 2.8982371322431795 0.47568353871601154 4.4848175048828125 -10.0
142 3 Cyclist -10.0 1134.0 146.0 1224.0 358.0 0.0 0.0 0.0 11.263961538481684 1.4007181327152867 13.852702140808105 -10.0
143 66 Cyclist -10.0 869.0 101.0 1000.0 363.0 0.0 0.0 0.0 2.1088012871902317 0.3286417538292384 4.512537956237793 -10.0
143 4 Cyclist -10.0 1031.0 151.0 1151.0 363.0 0.0 0.0 0.0 2.9807552609002266 0.4682673951542322 4.328322887420654 -10.0
143 3 Cyclist -10.0 1143.0 148.0 1223.0 361.0 0.0 0.0 0.0 10.081766181602717 1.28858212153108 12.313139915466309 -10.0
144 66 Cyclist -10.0 887.0 96.0 1028.0 363.0 0.0 0.0 0.0 2.1781086144104296 0.3019449077927875 4.357524394989014 -10.0
144 4 Cyclist -10.0 1056.0 152.0 1183.0 363.0 0.0 0.0 0.0 3.0581112672215625 0.45682166697456555 4.19510555267334 -10.0
